-0.3170435130596161 0.2722407281398773 0.08945323526859283 
-0.31166625022888184 0.27222639322280884 0.08945324271917343 
-0.30624642968177795 0.27221158146858215 0.08945323526859283 
-0.3007879853248596 0.27219635248184204 0.08945324271917343 
-0.29531463980674744 0.2721807360649109 0.08945323526859283 
-0.2899315059185028 0.27216506004333496 0.08945323526859283 
-0.28470149636268616 0.2721495032310486 0.08945323526859283 
-0.27943727374076843 0.27213355898857117 0.08945323526859283 
-0.2739357054233551 0.2721165120601654 0.08945322036743164 
-0.26818016171455383 0.2720984220504761 0.08945323526859283 
-0.26223239302635193 0.2720792591571808 0.08945323526859283 
-0.2562815546989441 0.2720598876476288 0.08945324271917343 
-0.2504933178424835 0.27204057574272156 0.08945323526859283 
-0.2448129951953888 0.27202141284942627 0.08945324271917343 
-0.23915067315101624 0.2720019221305847 0.08945323526859283 
-0.23349663615226746 0.2719821333885193 0.08945324271917343 
-0.22785824537277222 0.2719620168209076 0.08945323526859283 
-0.22223126888275146 0.2719416618347168 0.08945324271917343 
-0.21661017835140228 0.2719210088253021 0.08945323526859283 
-0.21099820733070374 0.27190008759498596 0.08945323526859283 
-0.20538632571697235 0.2718789279460907 0.08945606648921967 
-0.1996866911649704 0.2718575894832611 0.0894758403301239 
-0.19398248195648193 0.2718365788459778 0.08953065425157547 
-0.1891397386789322 0.27181926369667053 0.08964177966117859 
-0.18589192628860474 0.27180832624435425 0.08983222395181656 
-0.18338608741760254 0.2718003988265991 0.09017334878444672 
-0.18044914305210114 0.2717907726764679 0.09079594165086746 
-0.17647020518779755 0.2717761993408203 0.09189441055059433 
-0.17128032445907593 0.27175623178482056 0.09356869012117386 
-0.1658862829208374 0.2717415392398834 0.09549820423126221 
-0.1612885296344757 0.27173978090286255 0.09733762592077255 
-0.15743160247802734 0.27173861861228943 0.09904591739177704 
-0.15403339266777039 0.27172568440437317 0.10066228359937668 
-0.15077897906303406 0.27170783281326294 0.1023021712899208 
-0.14741453528404236 0.2716943621635437 0.10406769067049026 
-0.14401409029960632 0.2716844975948334 0.10591152310371399 
-0.1406814604997635 0.27167555689811707 0.10777653008699417 
-0.13735058903694153 0.2716667354106903 0.10969860106706619 
-0.13392530381679535 0.271657794713974 0.11173097044229507 
-0.1303490549325943 0.2716485857963562 0.11390859633684158 
-0.12662069499492645 0.27163898944854736 0.11623216420412064 
-0.1229347512125969 0.27162966132164 0.11857523024082184 
-0.11944049596786499 0.27162081003189087 0.12084119021892548 
-0.115895114839077 0.2716120183467865 0.12319124490022659 
-0.11201320588588715 0.2716023623943329 0.12581565976142883 
-0.1077345758676529 0.2715919315814972 0.1287604570388794 
-0.10311328619718552 0.27158060669898987 0.13199371099472046 
-0.09844312816858292 0.27156931161880493 0.13531114161014557 
-0.09400403499603271 0.2715586721897125 0.1385153830051422 
-0.08978939801454544 0.2715490758419037 0.1416039913892746 
-0.08575689047574997 0.2715439796447754 0.14459818601608276 
-0.08198808133602142 0.27155086398124695 0.1474342942237854 
-0.07851188629865646 0.2715676426887512 0.150087371468544 
-0.07506315410137177 0.2715708613395691 0.15274253487586975 
-0.07135923951864243 0.27154386043548584 0.1556023359298706 
-0.0672585740685463 0.2715069055557251 0.1587938517332077 
-0.06272410601377487 0.27148374915122986 0.16236524283885956 
-0.05808207392692566 0.2714674770832062 0.1660587340593338 
-0.053665485233068466 0.27144694328308105 0.16960643231868744 
-0.049441736191511154 0.27143537998199463 0.17303024232387543 
-0.045344192534685135 0.27144503593444824 0.17637769877910614 
-0.04153788462281227 0.2714557349681854 0.1795075386762619 
-0.038210172206163406 0.2714468240737915 0.1822601854801178 
-0.035406358540058136 0.2714296281337738 0.18459197878837585 
-0.0330125093460083 0.2714187502861023 0.18659310042858124 
-0.030410699546337128 0.2714121639728546 0.18878188729286194 
-0.02703200839459896 0.27140453457832336 0.19163769483566284 
-0.023005999624729156 0.2713954746723175 0.19505685567855835 
-0.018611224368214607 0.2713856101036072 0.19881045818328857 
-0.014038422144949436 0.2713753581047058 0.20273901522159576 
-0.009429031051695347 0.2713650166988373 0.20672321319580078 
-0.004812211729586124 0.2713547348976135 0.2107379287481308 
-0.00019022822380065918 0.2713444232940674 0.21478058397769928 
0.0044316682033240795 0.27133411169052124 0.21884585916996002 
0.009048878215253353 0.2713237702846527 0.222928985953331 
0.013662563636898994 0.27131345868110657 0.22703039646148682 
0.01827535592019558 0.27130308747291565 0.2311517298221588 
0.022889837622642517 0.27129268646240234 0.23529480397701263 
0.02750716544687748 0.2712823152542114 0.23945997655391693 
0.032122787088155746 0.2712719142436981 0.2436426877975464 
0.03673143684864044 0.2712615430355072 0.2478376030921936 
0.041330888867378235 0.2712511718273163 0.25204208493232727 
0.045864302664995193 0.27124089002609253 0.256202757358551 
0.0500512532889843 0.27123135328292847 0.2600582540035248 
0.05361732840538025 0.2712232768535614 0.26335206627845764 
0.05653758719563484 0.27121660113334656 0.26605701446533203 
0.058970093727111816 0.27121099829673767 0.2683161795139313 
0.06156110018491745 0.2712051272392273 0.27073049545288086 
0.06489948183298111 0.2711973786354065 0.2738487124443054 
0.06885649263858795 0.27118825912475586 0.2775537371635437 
0.07314876466989517 0.27117830514907837 0.2815842628479004 
0.07758494466543198 0.27116796374320984 0.2857624590396881 
0.08202409744262695 0.27115753293037415 0.28995656967163086 
0.0864369347691536 0.2711471617221832 0.29413890838623047 
0.09082656353712082 0.2711361348628998 0.29831191897392273 
0.0952150970697403 0.2711213529109955 0.3024964928627014 
0.09961960464715958 0.2711013853549957 0.3067084848880768 
0.1040179431438446 0.27108463644981384 0.3109261691570282 
0.10838821530342102 0.27107906341552734 0.3151281177997589 
0.11274901777505875 0.2710816562175751 0.3193320333957672 
0.11711833626031876 0.27108582854270935 0.3235551118850708 
0.12147140502929688 0.27108272910118103 0.3277730941772461 
0.12577015161514282 0.27106645703315735 0.3319486081600189 
0.12996695935726166 0.27104586362838745 0.33603450655937195 
0.1340022087097168 0.27103084325790405 0.33997148275375366 
0.13777793943881989 0.27102041244506836 0.34366241097450256 
0.14125728607177734 0.27101123332977295 0.3470698595046997 
0.14468911290168762 0.2710021436214447 0.35043764114379883 
0.1483386754989624 0.27099230885505676 0.3540259599685669 
0.15225081145763397 0.27098166942596436 0.3578791618347168 
0.15636496245861053 0.27097034454345703 0.3619380593299866 
0.1604192852973938 0.2709589898586273 0.36594390869140625 
0.1641794741153717 0.2709483504295349 0.369665265083313 
0.16772304475307465 0.2709381580352783 0.3731779158115387 
0.1711782068014145 0.27092793583869934 0.376607745885849 
0.17456595599651337 0.27091777324676514 0.37997493147850037 
0.17788726091384888 0.2709069550037384 0.3832800090312958 
0.18117007613182068 0.2708919644355774 0.38655057549476624 
0.1844421774148941 0.27087199687957764 0.38981398940086365 
0.1877046674489975 0.2708599865436554 0.3930705189704895 
0.19094319641590118 0.27086547017097473 0.3963053822517395 
0.19410941004753113 0.270871102809906 0.39947018027305603 
0.19715388119220734 0.2708594501018524 0.40251535177230835 
0.2000587433576584 0.2708398997783661 0.40542247891426086 
0.2028963267803192 0.27082446217536926 0.40826287865638733 
0.20606814324855804 0.2708095908164978 0.4114377498626709 
0.20991714298725128 0.27078965306282043 0.415289044380188 
0.21422258019447327 0.27076879143714905 0.4195929765701294 
0.2186175137758255 0.2707519233226776 0.42397916316986084 
0.22271524369716644 0.270736962556839 0.4280591905117035 
0.22629836201667786 0.270720511674881 0.43161481618881226 
0.22985485196113586 0.27070093154907227 0.4351354241371155 
0.23389717936515808 0.27067726850509644 0.4391380548477173 
0.23832686245441437 0.2706514298915863 0.44354021549224854 
0.2429223507642746 0.27062568068504333 0.4481357932090759 
0.2475711554288864 0.27060121297836304 0.45281484723091125 
0.25220051407814026 0.2705785930156708 0.4575035274028778 
0.2567967474460602 0.2705579698085785 0.4621855318546295 
0.26130613684654236 0.27053943276405334 0.46680206060409546 
0.26545560359954834 0.2705237865447998 0.47106674313545227 
0.26897841691970825 0.2705115079879761 0.4746990501880646 
0.27185532450675964 0.2705022990703583 0.4776737093925476 
0.27424633502960205 0.2704952359199524 0.48015162348747253 
0.27678611874580383 0.2704886794090271 0.4827900826931 
0.28005167841911316 0.27048107981681824 0.4861874580383301 
0.28391599655151367 0.2704731822013855 0.49021220207214355 
0.2881002724170685 0.27046582102775574 0.4945746064186096 
0.29241853952407837 0.27045968174934387 0.499079167842865 
0.2967345714569092 0.27045494318008423 0.5035812854766846 
0.3010215759277344 0.27045178413391113 0.5080502033233643 
0.30521053075790405 0.27045002579689026 0.5124114751815796 
0.30895766615867615 0.27044934034347534 0.5163074731826782 
0.31195640563964844 0.2704491913318634 0.5194200277328491 
0.31432464718818665 0.27044856548309326 0.5218729376792908 
0.31636685132980347 0.27044564485549927 0.523982584476471 
0.31870725750923157 0.2704380452632904 0.526391327381134 
0.32186976075172424 0.27042460441589355 0.5296359658241272 
0.32565581798553467 0.27040743827819824 0.5335050225257874 
0.32973968982696533 0.2703893482685089 0.5376551747322083 
0.33401888608932495 0.27037134766578674 0.541972815990448 
0.3384387195110321 0.27035367488861084 0.5463950634002686 
0.34291377663612366 0.2703372836112976 0.5508304238319397 
0.34732526540756226 0.27032309770584106 0.5551577210426331 
0.35145846009254456 0.270310640335083 0.5591703057289124 
0.35518568754196167 0.27029868960380554 0.5627457499504089 
0.35881105065345764 0.270287424325943 0.5661703944206238 
0.3626762926578522 0.2702766954898834 0.5697648525238037 
0.3668500781059265 0.2702662944793701 0.5735830068588257 
0.37127646803855896 0.27025604248046875 0.577562689781189 
0.3756851255893707 0.27024632692337036 0.5814542174339294 
0.37983161211013794 0.27023741602897644 0.5850326418876648 
0.3837953209877014 0.27022936940193176 0.5883675813674927 
0.38771840929985046 0.2702219486236572 0.5915846824645996 
0.39165592193603516 0.27021485567092896 0.5947251915931702 
0.39561450481414795 0.27020809054374695 0.597790539264679 
0.3995165526866913 0.2702016830444336 0.6007218956947327 
0.40328970551490784 0.2701956331729889 0.6034649014472961 
0.40695807337760925 0.2701898217201233 0.6060369610786438 
0.41059350967407227 0.2701839804649353 0.6084854006767273 
0.41434934735298157 0.2701779305934906 0.6109001636505127 
0.41834089159965515 0.270171582698822 0.6133446097373962 
0.42246097326278687 0.27016499638557434 0.6157417893409729 
0.42650142312049866 0.2701585292816162 0.6179643869400024 
0.43014049530029297 0.2701525092124939 0.6198667883872986 
0.43323448300361633 0.2701468765735626 0.6213911771774292 
0.43627840280532837 0.2701411843299866 0.6227602958679199 
0.43980348110198975 0.2701345384120941 0.6242066025733948 
0.443927139043808 0.2701263427734375 0.6257436275482178 
0.4485509693622589 0.2701166570186615 0.6272960305213928 
0.4532039165496826 0.27010616660118103 0.6286848187446594 
0.4574672281742096 0.2700953781604767 0.62975013256073 
0.4615057706832886 0.2700843811035156 0.6305344104766846 
0.4655928611755371 0.27007240056991577 0.6311240196228027 
0.46976566314697266 0.2700592279434204 0.6315244436264038 
0.4740493595600128 0.2700444757938385 0.6317054629325867 
0.47864770889282227 0.27002713084220886 0.6316055655479431 
0.48368918895721436 0.2700060307979584 0.6311758756637573 
0.4889274835586548 0.2699815332889557 0.6304135918617249 
0.49402400851249695 0.26995497941970825 0.6293423175811768 
0.49872130155563354 0.2699280083179474 0.6280549764633179 
0.5028208494186401 0.2699022889137268 0.6266650557518005 
0.5062738060951233 0.26987895369529724 0.6252928376197815 
0.509221076965332 0.269857794046402 0.6239686012268066 
0.5120929479598999 0.26983657479286194 0.6224927306175232 
0.5153045654296875 0.2698070704936981 0.620646595954895 
0.5191238522529602 0.2697380781173706 0.6182481646537781 
0.5236319899559021 0.2695905268192291 0.6152271628379822 
0.5283355116844177 0.2693213224411011 0.6119228005409241 
0.532729983329773 0.26889321208000183 0.608684778213501 
0.5368643999099731 0.26830047369003296 0.6054947376251221 
0.5408942103385925 0.26754871010780334 0.6022636890411377 
0.5448143482208252 0.26665738224983215 0.5990104675292969 
0.5485963225364685 0.26564300060272217 0.5957647562026978 
0.5522984862327576 0.26449593901634216 0.5924804210662842 
0.5559869408607483 0.2632025480270386 0.5891027450561523 
0.5596741437911987 0.26176077127456665 0.5856214165687561 
0.5633535385131836 0.2601736783981323 0.5820419788360596 
0.5670022964477539 0.2584528625011444 0.5783875584602356 
0.570597231388092 0.2566106915473938 0.5746814012527466 
0.574133038520813 0.25465455651283264 0.5709317922592163 
0.5775959491729736 0.25260525941848755 0.5671588182449341 
0.5809277892112732 0.2505421042442322 0.5634430050849915 
0.5840933918952942 0.24850861728191376 0.5598325729370117 
0.5871884226799011 0.2463553100824356 0.5561978220939636 
0.5903234481811523 0.2439311146736145 0.5523914694786072 
0.59354567527771 0.24127337336540222 0.5483706593513489 
0.5968526005744934 0.23847141861915588 0.5441554188728333 
0.6001075506210327 0.23562560975551605 0.5399162769317627 
0.6031751036643982 0.2328168898820877 0.5358189940452576 
0.6060669422149658 0.23004215955734253 0.5318566560745239 
0.6088116765022278 0.2272942066192627 0.5280056595802307 
0.6113594174385071 0.22463767230510712 0.5243516564369202 
0.6136808395385742 0.22209320962429047 0.5209388732910156 
0.6159117221832275 0.21945731341838837 0.5175452828407288 
0.6182031035423279 0.21652422845363617 0.5139259696006775 
0.620600163936615 0.21327970921993256 0.5100135803222656 
0.6230896711349487 0.2097976952791214 0.5058403015136719 
0.6255204081535339 0.20628897845745087 0.5016583800315857 
0.6277494430541992 0.2029351145029068 0.49770137667655945 
0.6298169493675232 0.19968895614147186 0.4939078688621521 
0.6317826509475708 0.19648587703704834 0.4901895821094513 
0.6336014270782471 0.19341976940631866 0.4866507351398468 
0.6352376937866211 0.19055695831775665 0.48336687684059143 
0.636802077293396 0.18770548701286316 0.48011431097984314 
0.6384129524230957 0.18465271592140198 0.476646363735199 
0.6400830149650574 0.18136170506477356 0.47292110323905945 
0.6417805552482605 0.17788472771644592 0.46899524331092834 
0.6433948874473572 0.17444193363189697 0.46511712670326233 
0.6448280811309814 0.17122958600521088 0.4615090489387512 
0.6461167931556702 0.16818316280841827 0.4580945074558258 
0.6473186612129211 0.1651928424835205 0.454745352268219 
0.6484464406967163 0.1622391939163208 0.45143458247184753 
0.6494995951652527 0.15932731330394745 0.4481637179851532 
0.6504734754562378 0.1564597189426422 0.4449378550052643 
0.6513633728027344 0.15364445745944977 0.44176748394966125 
0.6521613001823425 0.15091973543167114 0.4386904835700989 
0.6528610587120056 0.14830611646175385 0.4357239902019501 
0.6534786224365234 0.14572526514530182 0.43277353048324585 
0.6540243625640869 0.14311940968036652 0.4297705888748169 
0.6544601321220398 0.14059484004974365 0.42684900760650635 
0.6547566056251526 0.13822083175182343 0.4240935146808624 
0.6549862027168274 0.135804682970047 0.42123544216156006 
0.6552352905273438 0.1331237107515335 0.4179631769657135 
0.6555249094963074 0.13003329932689667 0.4140869677066803 
0.6558563113212585 0.12650465965270996 0.40957385301589966 
0.6562086939811707 0.12291938811540604 0.4049259424209595 
0.6565570831298828 0.11968574672937393 0.40068674087524414 
0.6568746566772461 0.11691073328256607 0.39701712131500244 
0.657139241695404 0.11457125842571259 0.39390644431114197 
0.6573820114135742 0.11243689805269241 0.39105871319770813 
0.6576380729675293 0.1102738231420517 0.38816729187965393 
0.6579050421714783 0.10802977532148361 0.3851630687713623 
0.6581765413284302 0.10570578277111053 0.3820488154888153 
0.658455491065979 0.1033366322517395 0.37887585163116455 
0.6587443947792053 0.10094880312681198 0.37568366527557373 
0.6590349674224854 0.0984971672296524 0.37241148948669434 
0.659317672252655 0.09595026075839996 0.3690167963504791 
0.6595866084098816 0.09341449290513992 0.36564338207244873 
0.6598372459411621 0.09097374975681305 0.3624046742916107 
0.6600841879844666 0.08846937865018845 0.35909533500671387 
0.6603432893753052 0.0857163593173027 0.35547515749931335 
0.660613477230072 0.0826723575592041 0.3514924645423889 
0.6608890295028687 0.07937276363372803 0.3471986949443817 
0.6611477732658386 0.07602601498365402 0.3428667485713959 
0.661368191242218 0.07282006740570068 0.3387429118156433 
0.661557137966156 0.06969167292118073 0.3347494900226593 
0.6617233753204346 0.06654570251703262 0.3307653069496155 
0.6618648171424866 0.06340351700782776 0.3268163502216339 
0.6619773507118225 0.06029493734240532 0.3229406177997589 
0.6620625257492065 0.05717038735747337 0.31907960772514343 
0.6621204018592834 0.053972333669662476 0.3151646852493286 
0.6621489524841309 0.05068935453891754 0.3111848831176758 
0.6621451377868652 0.04732520878314972 0.3071482181549072 
0.6621060967445374 0.04390035197138786 0.303082674741745 
0.6620291471481323 0.040435004979372025 0.299015611410141 
0.6619176864624023 0.03693566471338272 0.29496562480926514 
0.6617991328239441 0.033418748527765274 0.2910325229167938 
0.6617061495780945 0.029901521280407906 0.2874580919742584 
0.6615960597991943 0.026302983984351158 0.28417083621025085 
0.6613532304763794 0.022606797516345978 0.28053227066993713 
0.660938560962677 0.01903504692018032 0.27627086639404297 
0.6604247093200684 0.015540935099124908 0.27181869745254517 
0.6598811149597168 0.011789257638156414 0.2674708962440491 
0.6593247056007385 0.007834206335246563 0.2632882595062256 
0.6587446928024292 0.003935869783163071 0.2593243718147278 
0.6581186652183533 0.0001015399320749566 0.25551098585128784 
0.657435953617096 -0.003731428412720561 0.25177231431007385 
0.6567105054855347 -0.007489046081900597 0.24816769361495972 
0.6559593677520752 -0.011111424304544926 0.2447638213634491 
0.6551787257194519 -0.014729801565408707 0.2414989173412323 
0.6543543934822083 -0.018488584086298943 0.23828986287117004 
0.6534663438796997 -0.022405583411455154 0.23510409891605377 
0.6525031924247742 -0.0264300350099802 0.2319447249174118 
0.6515089869499207 -0.03035607747733593 0.22894567251205444 
0.6505181193351746 -0.034034255892038345 0.22621124982833862 
0.649450957775116 -0.037725165486335754 0.22355514764785767 
0.6482143402099609 -0.041734449565410614 0.22076278924942017 
0.6467768549919128 -0.046123139560222626 0.21780650317668915 
0.6451452970504761 -0.05083257332444191 0.21474064886569977 
0.6434206366539001 -0.05555342882871628 0.2117738127708435 
0.6417005062103271 -0.05999693647027016 0.20909351110458374 
0.6399813890457153 -0.06418748944997787 0.2066669464111328 
0.638246476650238 -0.06818322837352753 0.20442448556423187 
0.636526882648468 -0.07190461456775665 0.20236128568649292 
0.6348504424095154 -0.07529965788125992 0.20047436654567719 
0.6331804394721985 -0.07853284478187561 0.19869691133499146 
0.6314807534217834 -0.08177951723337173 0.19696708023548126 
0.629776656627655 -0.085047647356987 0.19528256356716156 
0.62810218334198 -0.08830039948225021 0.1936517059803009 
0.626460611820221 -0.09153406322002411 0.19207309186458588 
0.6248189210891724 -0.09480679780244827 0.19051483273506165 
0.6230485439300537 -0.09836091846227646 0.18885450065135956 
0.6210304498672485 -0.10241856426000595 0.18697971105575562 
0.6187784671783447 -0.10693949460983276 0.18490807712078094 
0.6163603663444519 -0.11177685111761093 0.1827085316181183 
0.613929033279419 -0.11661413311958313 0.18052469193935394 
0.6116051077842712 -0.12119903415441513 0.1784726083278656 
0.6092922687530518 -0.12571190297603607 0.17647908627986908 
0.6068741083145142 -0.1303742527961731 0.1744549721479416 
0.604375958442688 -0.13513264060020447 0.1724354773759842 
0.6018665432929993 -0.13984708487987518 0.17048923671245575 
0.5994537472724915 -0.14430327713489532 0.16870178282260895 
0.5972148776054382 -0.14834657311439514 0.1671343743801117 
0.5950629711151123 -0.1521398425102234 0.16573049128055573 
0.592922568321228 -0.15582959353923798 0.16443204879760742 
0.5909476280212402 -0.15916094183921814 0.16330486536026 
0.5892702341079712 -0.16191059350967407 0.1624092310667038 
0.5876509547233582 -0.16446352005004883 0.16163058578968048 
0.5857993960380554 -0.16728129982948303 0.16083744168281555 
0.5836236476898193 -0.17047998309135437 0.16001184284687042 
0.5811413526535034 -0.17400479316711426 0.15917949378490448 
0.5786346793174744 -0.17743952572345734 0.15844278037548065 
0.5763365030288696 -0.18044407665729523 0.15789026021957397 
0.5740064978599548 -0.18333041667938232 0.15747252106666565 
0.5713616609573364 -0.18644320964813232 0.15711428225040436 
0.5683990120887756 -0.1897197812795639 0.1567961871623993 
0.5651679039001465 -0.19305114448070526 0.15652430057525635 
0.5617167353630066 -0.19640310108661652 0.156317338347435 
0.558134138584137 -0.19971992075443268 0.1561930626630783 
0.5546485185623169 -0.20282427966594696 0.15615372359752655 
0.5514470934867859 -0.20557676255702972 0.1561969667673111 
0.5484171509742737 -0.20810933411121368 0.15631628036499023 
0.5454241633415222 -0.210566446185112 0.15649650990962982 
0.5424957871437073 -0.21292836964130402 0.1567162722349167 
0.53962242603302 -0.21519827842712402 0.1569652557373047 
0.5365256667137146 -0.21759779751300812 0.15727820992469788 
0.5329235196113586 -0.22035016119480133 0.15769194066524506 
0.5287757515907288 -0.22348083555698395 0.15821391344070435 
0.5241696238517761 -0.2269195318222046 0.15883755683898926 
0.5194810032844543 -0.2303878664970398 0.15950651466846466 
0.5150355100631714 -0.2336432933807373 0.16016919910907745 
0.5106641054153442 -0.23680728673934937 0.16085264086723328 
0.5061594843864441 -0.2400221973657608 0.16158823668956757 
0.5016149282455444 -0.2431800365447998 0.16236351430416107 
0.497159481048584 -0.24614684283733368 0.16316238045692444 
0.49283966422080994 -0.2488771229982376 0.16397710144519806 
0.48866358399391174 -0.25136008858680725 0.164804607629776 
0.48455312848091125 -0.25364920496940613 0.16565841436386108 
0.4804331362247467 -0.25579723715782166 0.1665511280298233 
0.47630083560943604 -0.25780901312828064 0.16748104989528656 
0.4721655547618866 -0.25968092679977417 0.1684446781873703 
0.46802622079849243 -0.2614152729511261 0.16944147646427155 
0.4639055132865906 -0.2630085051059723 0.1704646646976471 
0.4599560797214508 -0.26442116498947144 0.17146962881088257 
0.45628371834754944 -0.2656271755695343 0.17242270708084106 
0.4526147246360779 -0.26670828461647034 0.17339953780174255 
0.44863584637641907 -0.26775306463241577 0.1744866520166397 
0.4442867934703827 -0.2687632441520691 0.17570149898529053 
0.43962743878364563 -0.2697101831436157 0.17702972888946533 
0.4349660277366638 -0.27052828669548035 0.17838071286678314 
0.43059512972831726 -0.2711625099182129 0.17966851592063904 
0.42653170228004456 -0.27163267135620117 0.18088772892951965 
0.42273223400115967 -0.27197346091270447 0.1820439100265503 
0.4191248118877411 -0.27220818400382996 0.18314924836158752 
0.41558557748794556 -0.27234622836112976 0.18424727022647858 
0.41180410981178284 -0.2723618447780609 0.18547911942005157 
0.4075178802013397 -0.2722259759902954 0.18696297705173492 
0.4028647243976593 -0.27193358540534973 0.18863339722156525 
0.3980739414691925 -0.2714943587779999 0.19037990272045135 
0.3933907151222229 -0.27094000577926636 0.192097470164299 
0.38899511098861694 -0.270297646522522 0.19371365010738373 
0.3847690224647522 -0.26956215500831604 0.1952698826789856 
0.38058555126190186 -0.26873108744621277 0.19681084156036377 
0.3765732944011688 -0.26784828305244446 0.19828784465789795 
0.3728356957435608 -0.26694512367248535 0.1996612846851349 
0.3690994083881378 -0.26595020294189453 0.20103049278259277 
0.36505523324012756 -0.2647789716720581 0.20250727236270905 
0.36064380407333374 -0.2634042799472809 0.20411090552806854 
0.3559262752532959 -0.2618350088596344 0.20581671595573425 
0.3512100875377655 -0.2601712644100189 0.2075112760066986 
0.3467680513858795 -0.258505254983902 0.20909394323825836 
0.342501163482666 -0.256807804107666 0.21059967577457428 
0.3382573127746582 -0.2550327479839325 0.21208234131336212 
0.33401522040367126 -0.25317639112472534 0.2135482281446457 
0.32977965474128723 -0.2512427270412445 0.21499411761760712 
0.3255450129508972 -0.24923108518123627 0.21642041206359863 
0.3213047385215759 -0.24714027345180511 0.21782776713371277 
0.3170580565929413 -0.24497155845165253 0.21921506524085999 
0.3128056526184082 -0.2427268773317337 0.22058026492595673 
0.308550089597702 -0.24040937423706055 0.22192107141017914 
0.30429378151893616 -0.2380218803882599 0.22323504090309143 
0.30003705620765686 -0.23556655645370483 0.22452059388160706 
0.2957943379878998 -0.23305462300777435 0.22577227652072906 
0.29164597392082214 -0.23053978383541107 0.22696717083454132 
0.28764525055885315 -0.2280578762292862 0.22808901965618134 
0.28365659713745117 -0.22551876306533813 0.22917276620864868 
0.2795220613479614 -0.22280845046043396 0.23025847971439362 
0.2751639783382416 -0.21982543170452118 0.23136617243289948 
0.27056214213371277 -0.2164950966835022 0.23250700533390045 
0.2658834457397461 -0.2128792554140091 0.2336520552635193 
0.261312335729599 -0.20907045900821686 0.23476161062717438 
0.25693923234939575 -0.20515014231204987 0.23580297827720642 
0.25282925367355347 -0.20119401812553406 0.23675048351287842 
0.2490234375 -0.1972561627626419 0.23760142922401428 
0.24554140865802765 -0.1933668553829193 0.2383628785610199 
0.2423250526189804 -0.18947872519493103 0.23905207216739655 
0.23930887877941132 -0.18553920090198517 0.2396833747625351 
0.23647862672805786 -0.18154317140579224 0.24026009440422058 
0.23383145034313202 -0.17749466001987457 0.24078385531902313 
0.23136551678180695 -0.17339879274368286 0.2412564903497696 
0.22907865047454834 -0.16926051676273346 0.2416796088218689 
0.22696666419506073 -0.16508111357688904 0.2420554906129837 
0.22503308951854706 -0.16088798642158508 0.24238528311252594 
0.22332461178302765 -0.15684360265731812 0.24266387522220612 
0.22187191247940063 -0.15306243300437927 0.2428881824016571 
0.22057610750198364 -0.14926369488239288 0.2430749386548996 
0.21933038532733917 -0.1451253741979599 0.243240624666214 
0.21813297271728516 -0.14058731496334076 0.24338464438915253 
0.21701782941818237 -0.13571450114250183 0.24350214004516602 
0.21606244146823883 -0.13083425164222717 0.24358542263507843 
0.21532978117465973 -0.12623678147792816 0.24362938106060028 
0.214789018034935 -0.12181641161441803 0.24364005029201508 
0.2143964022397995 -0.11741608381271362 0.24362407624721527 
0.21414154767990112 -0.1130194365978241 0.2435843050479889 
0.21402151882648468 -0.10863585770130157 0.24352268874645233 
0.21403320133686066 -0.1042630597949028 0.2434411197900772 
0.21417339146137238 -0.09989765286445618 0.24334146082401276 
0.21443934738636017 -0.09554246813058853 0.2432255893945694 
0.21482810378074646 -0.09120121598243713 0.24309523403644562 
0.21533702313899994 -0.08687540143728256 0.24295176565647125 
0.21596412360668182 -0.08256363868713379 0.24279628694057465 
0.21671158075332642 -0.0782555416226387 0.2426312416791916 
0.217572420835495 -0.07397802174091339 0.24246154725551605 
0.21849162876605988 -0.0699336975812912 0.24230116605758667 
0.21942652761936188 -0.06626399606466293 0.24215808510780334 
0.2204548418521881 -0.06264450401067734 0.2420119196176529 
0.22167570888996124 -0.058705687522888184 0.24184276163578033 
0.2231333702802658 -0.054391227662563324 0.24165727198123932 
0.22481775283813477 -0.04980658367276192 0.24146513640880585 
0.22656792402267456 -0.04538310319185257 0.24126720428466797 
0.2282492071390152 -0.041478365659713745 0.2410496473312378 
0.23003153502941132 -0.03775740787386894 0.2407471239566803 
0.23212459683418274 -0.03380783647298813 0.24029801785945892 
0.2344779372215271 -0.02974226512014866 0.23971237242221832 
0.23696377873420715 -0.02579575777053833 0.23902076482772827 
0.23944365978240967 -0.022146956995129585 0.23827068507671356 
0.2418123036623001 -0.018908126279711723 0.2375025749206543 
0.24413102865219116 -0.015950383618474007 0.23670479655265808 
0.24648866057395935 -0.01312013529241085 0.23585796356201172 
0.248941108584404 -0.010358043946325779 0.23495274782180786 
0.2515166103839874 -0.007636536844074726 0.23398378491401672 
0.2541361451148987 -0.005014088470488787 0.2329714596271515 
0.25674745440483093 -0.0025319282431155443 0.23192551732063293 
0.2595455050468445 -0.000042636950 0.23076891899108887 
0.26275068521499634 0.002611347008496523 0.22941531240940094 
0.2664187550544739 0.005434540566056967 0.22783580422401428 
0.27051079273223877 0.008360657840967178 0.22603920102119446 
0.2747577428817749 0.011176759377121925 0.22413970530033112 
0.27892038226127625 0.013697932474315166 0.22224079072475433 
0.28309181332588196 0.015982337296009064 0.22030198574066162 
0.28739240765571594 0.018115246668457985 0.21827013790607452 
0.291759192943573 0.020079245790839195 0.21617209911346436 
0.29611173272132874 0.02184392884373665 0.21404242515563965 
0.3004746735095978 0.023410875350236893 0.21187947690486908 
0.30491936206817627 0.024789361283183098 0.20966272056102753 
0.3096054494380951 0.02601255103945732 0.20731037855148315 
0.31466251611709595 0.02710960991680622 0.2047441303730011 
0.3200335204601288 0.028046004474163055 0.20198354125022888 
0.32560625672340393 0.028768105432391167 0.1990894228219986 
0.33117786049842834 0.029230788350105286 0.19618555903434753 
0.33652353286743164 0.029413973912596703 0.19339776039123535 
0.3414335548877716 0.029361726716160774 0.1908232420682907 
0.3457975685596466 0.029120147228240967 0.18850605189800262 
0.34994426369667053 0.028681278228759766 0.1862710565328598 
0.35425013303756714 0.028017165139317513 0.18392284214496613 
0.358829140663147 0.027099609375 0.18139894306659698 
0.3636593818664551 0.02592403069138527 0.17870548367500305 
0.36842063069343567 0.024569042026996613 0.17601867020130157 
0.3728236258029938 0.02310999110341072 0.17349979281425476 
0.3769766390323639 0.02153146080672741 0.17108891904354095 
0.38103774189949036 0.019806230440735817 0.16869768500328064 
0.38502445816993713 0.017939258366823196 0.16631671786308289 
0.38892799615859985 0.015940187498927116 0.16395089030265808 
0.3927505910396576 0.013813357800245285 0.1615985482931137 
0.396494597196579 0.011562613770365715 0.15925760567188263 
0.40015751123428345 0.009194355458021164 0.15692918002605438 
0.40373480319976807 0.006715920753777027 0.15461531281471252 
0.40722063183784485 0.004135908558964729 0.15231922268867493 
0.41060900688171387 0.001462987856939435 0.15004387497901917 
0.41389739513397217 -0.0012960548046976328 0.1477905660867691 
0.41706573963165283 -0.004115283954888582 0.14557351171970367 
0.42000851035118103 -0.006875543389469385 0.14347241818904877 
0.42265281081199646 -0.009492703713476658 0.14154228568077087 
0.4251824617385864 -0.012156304903328419 0.13964475691318512 
0.4278022348880768 -0.015084865503013134 0.13762281835079193 
0.43053191900253296 -0.018318718299269676 0.13545240461826324 
0.4333149492740631 -0.02181127853691578 0.13316726684570312 
0.4359654486179352 -0.025336459279060364 0.13091182708740234 
0.43832603096961975 -0.02870146371424198 0.12881383299827576 
0.4404737651348114 -0.0320112518966198 0.12681657075881958 
0.4425051510334015 -0.035388968884944916 0.12484157085418701 
0.44439131021499634 -0.03877410292625427 0.12290333211421967 
0.44608673453330994 -0.04208207502961159 0.12103300541639328 
0.4475822448730469 -0.04528027027845383 0.11925089359283447 
0.44887909293174744 -0.0483551025390625 0.1175714060664177 
0.4499955177307129 -0.05133267864584923 0.11597791314125061 
0.45095542073249817 -0.054262470453977585 0.11443682760000229 
0.4517931640148163 -0.05726227909326553 0.1128811463713646 
0.4525507688522339 -0.06048772856593132 0.11122491955757141 
0.45328032970428467 -0.06410609185695648 0.10937225073575974 
0.4540117084980011 -0.06816838681697845 0.10728733986616135 
0.45469579100608826 -0.07234795391559601 0.10513432323932648 
0.4552818834781647 -0.0763494074344635 0.10306265950202942 
0.45578455924987793 -0.08035679906606674 0.10097596794366837 
0.45622628927230835 -0.08462531864643097 0.09874115884304047 
0.4565972685813904 -0.08919733017683029 0.09633518755435944 
0.4568781852722168 -0.09400239586830139 0.09379438310861588 
0.45704513788223267 -0.09872191399335861 0.09128732979297638 
0.45708003640174866 -0.10307512432336807 0.08896280080080032 
0.4569914638996124 -0.10716994106769562 0.08676502108573914 
0.4567907750606537 -0.11116740852594376 0.0846100002527237 
0.45648065209388733 -0.11509057134389877 0.08248639851808548 
0.45606109499931335 -0.1189357191324234 0.08039701730012894 
0.45553117990493774 -0.1227090135216713 0.0783393383026123 
0.4548876881599426 -0.12642239034175873 0.07630693167448044 
0.45411765575408936 -0.13011294603347778 0.0742763951420784 
0.4532073438167572 -0.13381806015968323 0.07222650945186615 
0.4521559178829193 -0.1375347226858139 0.07017292827367783 
0.4509682357311249 -0.14123734831809998 0.06814093887805939 
0.44965600967407227 -0.14486776292324066 0.06614542752504349 
0.44824647903442383 -0.14835001528263092 0.06421118229627609 
0.44685548543930054 -0.15149351954460144 0.062454406172037125 
0.4455682933330536 -0.15416879951953888 0.060960154980421066 
0.44418105483055115 -0.1567700058221817 0.059509530663490295 
0.4424584209918976 -0.15972745418548584 0.05786005035042763 
0.4403814673423767 -0.16302764415740967 0.0560147650539875 
0.438016802072525 -0.16651897132396698 0.054058294743299484 
0.4355933666229248 -0.1698751449584961 0.052190497517585754 
0.4333054721355438 -0.17282912135124207 0.05057252570986748 
0.4310187101364136 -0.17555686831474304 0.0490824393928051 
0.42855870723724365 -0.17828591167926788 0.047570012509822845 
0.4259095788002014 -0.18104246258735657 0.04603487253189087 
0.4230894446372986 -0.1838083267211914 0.04450596123933792 
0.42011335492134094 -0.18656234443187714 0.04299495369195938 
0.41699111461639404 -0.18928742408752441 0.041507214307785034 
0.41372182965278625 -0.19198192656040192 0.04004334658384323 
0.41030290722846985 -0.19464650750160217 0.03860368952155113 
0.4067341387271881 -0.19728043675422668 0.037189338356256485 
0.4030151963233948 -0.1998828649520874 0.03580142557621002 
0.3991435170173645 -0.20245490968227386 0.03444020822644234 
0.39513295888900757 -0.20498931407928467 0.033110685646533966 
0.3910772502422333 -0.20743703842163086 0.031840402632951736 
0.38703855872154236 -0.20976491272449493 0.030646320432424545 
0.3828457295894623 -0.21206259727478027 0.02947595901787281 
0.3783140480518341 -0.2144264429807663 0.028275975957512856 
0.373457670211792 -0.21684783697128296 0.027059461921453476 
0.36840853095054626 -0.21925683319568634 0.025867735967040062 
0.36355558037757874 -0.22145086526870728 0.024785084649920464 
0.3592432737350464 -0.22325709462165833 0.02388203702867031 
0.3554501235485077 -0.22471922636032104 0.023152019828557968 
0.35206761956214905 -0.2259216010570526 0.02256796509027481 
0.34891200065612793 -0.22693637013435364 0.022070514038205147 
0.3457448482513428 -0.22783401608467102 0.021586699411273003 
0.34220534563064575 -0.2286960929632187 0.02104853093624115 
0.3380206227302551 -0.22957901656627655 0.020415017381310463 
0.3333756923675537 -0.230429545044899 0.01973007433116436 
0.32853975892066956 -0.23118449747562408 0.019058195874094963 
0.3237607479095459 -0.23181530833244324 0.018444227054715157 
0.3192165195941925 -0.23230761289596558 0.017914235591888428 
0.3147866129875183 -0.23268890380859375 0.017454078420996666 
0.3103473484516144 -0.23298926651477814 0.017044398933649063 
0.30604612827301025 -0.23321379721164703 0.016687043011188507 
0.3019990921020508 -0.2333635687828064 0.016383687034249306 
0.2979084849357605 -0.2334481179714203 0.016118066385388374 
0.29343631863594055 -0.23347575962543488 0.01587241142988205 
0.2885148823261261 -0.233442485332489 0.015645673498511314 
0.28320929408073425 -0.2333448976278305 0.015445681288838387 
0.2778623104095459 -0.2331901490688324 0.015282980166375637 
0.27278050780296326 -0.23298615217208862 0.015165152959525585 
0.26785847544670105 -0.2327360361814499 0.015089321881532669 
0.2629302144050598 -0.2324420064687729 0.01504865474998951 
0.25797319412231445 -0.2321081906557083 0.0150394756346941 
0.2529943287372589 -0.23173850774765015 0.015060124918818474 
0.24798938632011414 -0.23133622109889984 0.015109522268176079 
0.24295276403427124 -0.23090431094169617 0.015186593867838383 
0.23788531124591827 -0.23044636845588684 0.01529019232839346 
0.23278982937335968 -0.22996608912944794 0.015419184230268002 
0.2276713103055954 -0.22946742177009583 0.015572265721857548 
0.22253455221652985 -0.22895438969135284 0.015748126432299614 
0.21738259494304657 -0.2284308522939682 0.015945760533213615 
0.21225406229496002 -0.2279040515422821 0.016162684187293053 
0.207331120967865 -0.22739669680595398 0.016386447474360466 
0.20272302627563477 -0.22692382335662842 0.01660723052918911 
0.19810867309570312 -0.22645479440689087 0.016843268647789955 
0.19313110411167145 -0.2259562760591507 0.017114728689193726 
0.1877211332321167 -0.22542721033096313 0.017424963414669037 
0.18195350468158722 -0.22487984597682953 0.01777130365371704 
0.1761881560087204 -0.22435419261455536 0.018129590898752213 
0.17074988782405853 -0.22388583421707153 0.01847650855779648 
0.16553589701652527 -0.22346697747707367 0.0188188087195158 
0.16037099063396454 -0.22308357059955597 0.019166795536875725 
0.1552256941795349 -0.22273658215999603 0.019520215690135956 
0.15010547637939453 -0.22243010997772217 0.0198772344738245 
0.14500604569911957 -0.2221677303314209 0.02023700438439846 
0.13992200791835785 -0.22195281088352203 0.02059871330857277 
0.134854257106781 -0.22178944945335388 0.02096107229590416 
0.1298057585954666 -0.221681609749794 0.02132265456020832 
0.12478160858154297 -0.2216334342956543 0.021681884303689003 
0.11978692561388016 -0.22164897620677948 0.022037144750356674 
0.11482564359903336 -0.22173210978507996 0.022387120872735977 
0.10993573069572449 -0.22188305854797363 0.022728605195879936 
0.1052820160984993 -0.22209160029888153 0.02304886281490326 
0.10095763951539993 -0.22235332429409027 0.023339077830314636 
0.09667019546031952 -0.22269360721111298 0.023618800565600395 
0.09209965169429779 -0.2231435775756836 0.023908842355012894 
0.08718927204608917 -0.2237253487110138 0.024209672585129738 
0.0820123478770256 -0.22444531321525574 0.024515103548765182 
0.07688935846090317 -0.22526974976062775 0.024803204461932182 
0.07210126519203186 -0.22616928815841675 0.025053424760699272 
0.06752104312181473 -0.22716787457466125 0.02527322620153427 
0.06296421587467194 -0.22830046713352203 0.025473160669207573 
0.05844932049512863 -0.22958874702453613 0.025646697729825974 
0.05400949716567993 -0.2310781478881836 0.025786008685827255 
0.04957473278045654 -0.232893168926239 0.025899533182382584 
0.04508274421095848 -0.23514355719089508 0.02600235305726528 
0.04046662896871567 -0.23786982893943787 0.02611328288912773 
0.035675615072250366 -0.24106870591640472 0.026248712092638016 
0.030814556404948235 -0.2446189820766449 0.02640720270574093 
0.02604008838534355 -0.24835212528705597 0.026581332087516785 
0.021568914875388145 -0.2520160377025604 0.02676120400428772 
0.017583198845386505 -0.25538620352745056 0.026936417445540428 
0.014064671471714973 -0.2584240138530731 0.027102719992399216 
0.01091951597481966 -0.26116952300071716 0.027259424328804016 
0.00794275663793087 -0.2637796401977539 0.02741442248225212 
0.004941463936120272 -0.2664066255092621 0.027576621621847153 
0.0018787139561027288 -0.2690752446651459 0.027747517451643944 
-0.0012330736499279737 -0.27176687121391296 0.027926212176680565 
-0.004335838835686445 -0.2744266092777252 0.02810901775956154 
-0.0073875850066542625 -0.2770136892795563 0.028293034061789513 
-0.010457869619131088 -0.27957913279533386 0.028482068330049515 
-0.013635552488267422 -0.2821895480155945 0.028681360185146332 
-0.01697688363492489 -0.28488191962242126 0.028894513845443726 
-0.020512981340289116 -0.28767088055610657 0.029123587533831596 
-0.024204539135098457 -0.29051512479782104 0.02936619520187378 
-0.027975577861070633 -0.29334694147109985 0.029617179185152054 
-0.0316745899617672 -0.29605650901794434 0.029866373166441917 
-0.03521781787276268 -0.29858335852622986 0.030108120292425156 
-0.038865137845277786 -0.3010951578617096 0.030359018594026566 
-0.04290718585252762 -0.3037775456905365 0.030638499185442924 
-0.04741871729493141 -0.30666059255599976 0.030952386558055878 
-0.05235791578888893 -0.30969542264938354 0.03129776939749718 
-0.05742853134870529 -0.312688410282135 0.031654588878154755 
-0.0623568557202816 -0.3154643774032593 0.032003890722990036 
-0.06722148507833481 -0.3180669844150543 0.032349810004234314 
-0.07215175777673721 -0.3205743730068207 0.03270069882273674 
-0.07711857557296753 -0.3229735493659973 0.033054985105991364 
-0.08207492530345917 -0.3252396583557129 0.03340991586446762 
-0.08707500249147415 -0.32739749550819397 0.03376748785376549 
-0.0922062024474144 -0.32948246598243713 0.03413147106766701 
-0.09756103157997131 -0.33152124285697937 0.034511104226112366 
-0.10320186614990234 -0.3335275650024414 0.03491435945034027 
-0.10909140110015869 -0.33547428250312805 0.03533624857664108 
-0.11517734080553055 -0.3373280167579651 0.035769637674093246 
-0.12143690884113312 -0.3390723466873169 0.036213044077157974 
-0.1277683526277542 -0.34067976474761963 0.03665945678949356 
-0.13374823331832886 -0.34207335114479065 0.03708026185631752 
-0.1389601230621338 -0.3431866765022278 0.03744713217020035 
-0.14332671463489532 -0.34404098987579346 0.03775445744395256 
-0.14706000685691833 -0.3447071313858032 0.03801889345049858 
-0.15113015472888947 -0.34534284472465515 0.038305558264255524 
-0.156440868973732 -0.346079021692276 0.03867395222187042 
-0.16285903751850128 -0.34685707092285156 0.039117179811000824 
-0.16998498141765594 -0.3475745618343353 0.039608314633369446 
-0.17747867107391357 -0.34816843271255493 0.04012443870306015 
-0.18504811823368073 -0.34859222173690796 0.04064729064702988 
-0.19250798225402832 -0.3488194942474365 0.04116730019450188 
-0.19973354041576385 -0.3488326668739319 0.041679080575704575 
-0.20674870908260345 -0.34862807393074036 0.04218368977308273 
-0.21360714733600616 -0.34820711612701416 0.04268353059887886 
-0.2203262448310852 -0.34757494926452637 0.0431794598698616 
-0.22691480815410614 -0.3467373251914978 0.0436718687415123 
-0.23337970674037933 -0.3456995189189911 0.044161148369312286 
-0.23972511291503906 -0.34446680545806885 0.044647492468357086 
-0.2459481954574585 -0.34304603934288025 0.04513037949800491 
-0.2520490884780884 -0.3414418697357178 0.04560886323451996 
-0.25804680585861206 -0.33965346217155457 0.04608505591750145 
-0.2639732360839844 -0.33767592906951904 0.046567272394895554 
-0.26988768577575684 -0.33548808097839355 0.047065600752830505 
-0.27580368518829346 -0.33308422565460205 0.04757409915328026 
-0.2815435230731964 -0.3305432200431824 0.04806116968393326 
-0.28696250915527344 -0.3279334306716919 0.04851042106747627 
-0.2922329902648926 -0.32518473267555237 0.048951271921396255 
-0.2975342869758606 -0.3222269117832184 0.049409184604883194 
-0.30273789167404175 -0.3191410005092621 0.04987020418047905 
-0.30768099427223206 -0.3160231113433838 0.05031618848443031 
-0.31240496039390564 -0.31286075711250305 0.0507487878203392 
-0.3169926106929779 -0.30961912870407104 0.05117439106106758 
-0.32146137952804565 -0.3062986433506012 0.0515945665538311 
-0.3258112668991089 -0.3029082417488098 0.05200919136404991 
-0.33004996180534363 -0.29945099353790283 0.05241870880126953 
-0.3341856598854065 -0.295928955078125 0.05282368138432503 
-0.33822184801101685 -0.2923482358455658 0.05322420597076416 
-0.3421597182750702 -0.28871601819992065 0.053620170801877975 
-0.34599950909614563 -0.2850412130355835 0.05401137098670006 
-0.3497411608695984 -0.28133252263069153 0.05439755320549011 
-0.35338592529296875 -0.27759817242622375 0.054778385907411575 
-0.35691192746162415 -0.27387312054634094 0.05515044555068016 
-0.3602119982242584 -0.2702920138835907 0.055502962321043015 
-0.36322832107543945 -0.2669329345226288 0.05583137646317482 
-0.3661646246910095 -0.2635718882083893 0.05615523084998131 
-0.36924120783805847 -0.259962260723114 0.056496791541576385 
-0.3724951446056366 -0.2560594975948334 0.056861404329538345 
-0.37587669491767883 -0.25192245841026306 0.05724247172474861 
-0.3791770339012146 -0.24781230092048645 0.05761805921792984 
-0.38221389055252075 -0.24396000802516937 0.05797030031681061 
-0.3850722312927246 -0.24027083814144135 0.058308638632297516 
-0.3878798186779022 -0.23659753799438477 0.05864710360765457 
-0.3906635642051697 -0.23292313516139984 0.05898059532046318 
-0.3934169411659241 -0.2292708307504654 0.05930057540535927 
-0.39610353112220764 -0.22568947076797485 0.059614796191453934 
-0.3986864686012268 -0.22222895920276642 0.059931058436632156 
-0.4011572301387787 -0.2189175933599472 0.060240764170885086 
-0.4035238027572632 -0.21576133370399475 0.06053671985864639 
-0.40584298968315125 -0.2126958966255188 0.06082767993211746 
-0.40817371010780334 -0.20965372025966644 0.06112268194556236 
-0.4105237126350403 -0.2066372185945511 0.06141884997487068 
-0.41291433572769165 -0.20363999903202057 0.06171729043126106 
-0.41552603244781494 -0.20049701631069183 0.06204438954591751 
-0.41852056980133057 -0.1970759779214859 0.062425434589385986 
-0.4218130111694336 -0.19357262551784515 0.0628480613231659 
-0.4252745807170868 -0.19024421274662018 0.06327123194932938 
-0.4287091791629791 -0.18731187283992767 0.06364066898822784 
-0.43196964263916016 -0.18488873541355133 0.0639352947473526 
-0.4352344274520874 -0.18273448944091797 0.06418951600790024 
-0.43870511651039124 -0.18059377372264862 0.06443621963262558 
-0.44251516461372375 -0.1783587485551834 0.0646921917796135 
-0.4467342793941498 -0.17598576843738556 0.0649644210934639 
-0.4511234164237976 -0.17360900342464447 0.06523756682872772 
-0.4554332494735718 -0.17136676609516144 0.06549670547246933 
-0.45968347787857056 -0.1692473441362381 0.06574428826570511 
-0.4639451503753662 -0.16721154749393463 0.06598496437072754 
-0.4682328402996063 -0.16525210440158844 0.066219262778759 
-0.4725170135498047 -0.1633804887533188 0.06644526869058609 
-0.47664210200309753 -0.16165177524089813 0.06665624678134918 
-0.4805104434490204 -0.16009818017482758 0.06684894859790802 
-0.4843999743461609 -0.15861783921718597 0.06703571230173111 
-0.48862186074256897 -0.15709824860095978 0.06722986698150635 
-0.4932395815849304 -0.15552575886249542 0.06743340939283371 
-0.4981935918331146 -0.15393206477165222 0.06764201074838638 
-0.503170907497406 -0.1524190455675125 0.06784261763095856 
-0.5079089999198914 -0.15107031166553497 0.06802552193403244 
-0.5126020908355713 -0.14983431994915009 0.06819827854633331 
-0.5174549221992493 -0.14865989983081818 0.06836684793233871 
-0.5222538709640503 -0.14761999249458313 0.06851826608181 
-0.5267676711082458 -0.14679622650146484 0.06864073872566223 
-0.5311287641525269 -0.14616906642913818 0.0687425509095192 
-0.5354966521263123 -0.1456877738237381 0.0688348039984703 
-0.5397571921348572 -0.1453237682580948 0.06891798973083496 
-0.5438271164894104 -0.14505557715892792 0.06899168342351913 
-0.5480369329452515 -0.14485882222652435 0.06906291842460632 
-0.5527205467224121 -0.14471836388111115 0.06913790851831436 
-0.557805061340332 -0.14464415609836578 0.06921554356813431 
-0.5630947351455688 -0.14464791119098663 0.06929302215576172 
-0.568305253982544 -0.14473184943199158 0.06936578452587128 
-0.573213517665863 -0.14489664137363434 0.06942995637655258 
-0.5779329538345337 -0.1451391875743866 0.06948738545179367 
-0.5825942158699036 -0.1454518884420395 0.06954048573970795 
-0.5870637893676758 -0.14581461250782013 0.06958801299333572 
-0.5912395715713501 -0.14621521532535553 0.06962872296571732 
-0.5954180359840393 -0.14668582379817963 0.06966571509838104 
-0.5999290347099304 -0.14726485311985016 0.06970201432704926 
-0.604838490486145 -0.1479698270559311 0.06973744183778763 
-0.610080361366272 -0.14879950881004333 0.06977105140686035 
-0.6153233051300049 -0.14970557391643524 0.06980011612176895 
-0.6202695965766907 -0.15064282715320587 0.06982224434614182 
-0.6250208020210266 -0.15162393450737 0.06983864307403564 
-0.6297409534454346 -0.15267159044742584 0.06985071301460266 
-0.6344565749168396 -0.15378910303115845 0.06985843926668167 
-0.6391632556915283 -0.15497520565986633 0.06986173987388611 
-0.643867015838623 -0.15623120963573456 0.06986058503389359 
-0.648574948310852 -0.15755866467952728 0.06985493004322052 
-0.6532882452011108 -0.15895792841911316 0.06984474509954453 
-0.6580058932304382 -0.1604287326335907 0.06982992589473724 
-0.662725031375885 -0.16197021305561066 0.06981045007705688 
-0.6674428582191467 -0.16358138620853424 0.06978627294301987 
-0.6721590161323547 -0.16526204347610474 0.0697573870420456 
-0.6768418550491333 -0.1669980138540268 0.06972429156303406 
-0.6813256740570068 -0.16871951520442963 0.06968837231397629 
-0.6854941248893738 -0.1703774482011795 0.06965033710002899 
-0.6895754337310791 -0.17206308245658875 0.06960855424404144 
-0.6938766241073608 -0.17390687763690948 0.0695599615573883 
-0.6986863017082214 -0.17605753242969513 0.06949982792139053 
-0.7041506767272949 -0.1786072701215744 0.06942376494407654 
-0.7098554968833923 -0.18140408396720886 0.06932913511991501 
-0.715347170829773 -0.18426816165447235 0.06921643018722534 
-0.7205500602722168 -0.1871470808982849 0.06909339874982834 
-0.7254787087440491 -0.1900239884853363 0.06896722316741943 
-0.7301598191261292 -0.19290614128112793 0.06883655488491058 
-0.7346246838569641 -0.19580981135368347 0.06869696825742722 
-0.7389154434204102 -0.1987566202878952 0.06854723393917084 
-0.7430698275566101 -0.20176373422145844 0.06838823109865189 
-0.7470965385437012 -0.20483282208442688 0.06822089850902557 
-0.7509961724281311 -0.20796185731887817 0.0680457353591919 
-0.7547687292098999 -0.21114785969257355 0.0678633451461792 
-0.7584139108657837 -0.21438764035701752 0.06767427921295166 
-0.7619343400001526 -0.2176801860332489 0.06747917085886002 
-0.7653138637542725 -0.22100190818309784 0.06728017330169678 
-0.7684473991394043 -0.2242254614830017 0.06708501279354095 
-0.7712655663490295 -0.22726623713970184 0.0668981745839119 
-0.7739681601524353 -0.23034726083278656 0.06670718640089035 
-0.7767762541770935 -0.2337222844362259 0.06649786233901978 
-0.7797190546989441 -0.23744571208953857 0.06626693159341812 
-0.7827438712120056 -0.24147042632102966 0.0660180151462555 
-0.7856491208076477 -0.24553421139717102 0.0657668188214302 
-0.7882587909698486 -0.24940289556980133 0.06552694737911224 
-0.7906438112258911 -0.25316038727760315 0.06529463827610016 
-0.7929079532623291 -0.25693485140800476 0.06506309658288956 
-0.7950683236122131 -0.26074284315109253 0.06483130156993866 
-0.7971240878105164 -0.2645787000656128 0.06459976732730865 
-0.7990801930427551 -0.26844653487205505 0.06436877697706223 
-0.8009412884712219 -0.2723514437675476 0.06413836777210236 
-0.8027098178863525 -0.2762937545776367 0.0639089047908783 
-0.8043864965438843 -0.2802717685699463 0.06368088722229004 
-0.8059723973274231 -0.28428247570991516 0.06345484405755997 
-0.8074678778648376 -0.28832271695137024 0.06323129683732986 
-0.8088750839233398 -0.29239216446876526 0.0630108043551445 
-0.8101894855499268 -0.2964642345905304 0.06279543042182922 
-0.8113755583763123 -0.30038636922836304 0.06259219348430634 
-0.8124092817306519 -0.3040560483932495 0.06240500882267952 
-0.8133629560470581 -0.30774253606796265 0.06222229823470116 
-0.8143149614334106 -0.31175100803375244 0.062030985951423645 
-0.815270185470581 -0.3161417841911316 0.0618290938436985 
-0.816207230091095 -0.3208552598953247 0.06162099167704582 
-0.8170620799064636 -0.32558271288871765 0.06141985207796097 
-0.8177801966667175 -0.3300498127937317 0.0612369179725647 
-0.8183863162994385 -0.33435553312301636 0.06106947362422943 
-0.8189146518707275 -0.33865073323249817 0.06091178208589554 
-0.81937175989151 -0.34295469522476196 0.060762714594602585 
-0.8197587132453918 -0.34727245569229126 0.06062231585383415 
-0.8200785517692566 -0.3516756296157837 0.060489799827337265 
-0.8203265070915222 -0.3561864495277405 0.06036588177084923 
-0.8204674124717712 -0.36059677600860596 0.06025591120123863 
-0.8204643130302429 -0.36470019817352295 0.06016499549150467 
-0.8202941417694092 -0.36850085854530334 0.06009136512875557 
-0.8199389576911926 -0.3720892667770386 0.060030024498701096 
-0.8193956017494202 -0.37560245394706726 0.05997505038976669 
-0.8186706304550171 -0.37909263372421265 0.05990956351161003 
-0.8178175091743469 -0.3823402225971222 0.0598100982606411 
-0.8168815970420837 -0.38523975014686584 0.059694431722164154 
-0.8158238530158997 -0.38819196820259094 0.05963504686951637 
-0.8146021962165833 -0.39150843024253845 0.059671610593795776 
-0.8131106495857239 -0.3952051103115082 0.059742819517850876 
-0.8112384080886841 -0.39927875995635986 0.059771984815597534 
-0.8091673254966736 -0.40334102511405945 0.05976008623838425 
-0.8071067333221436 -0.40701067447662354 0.05974045395851135 
-0.8049756288528442 -0.4104800224304199 0.05973329395055771 
-0.8026596903800964 -0.41399621963500977 0.05974579602479935 
-0.8001938462257385 -0.4175238311290741 0.05978889390826225 
-0.7976245880126953 -0.4209986925125122 0.05988059937953949 
-0.794915497303009 -0.42447173595428467 0.06004037708044052 
-0.7920204997062683 -0.42800047993659973 0.06027244031429291 
-0.7889429330825806 -0.43156352639198303 0.06054665893316269 
-0.7856975197792053 -0.4351229667663574 0.06082937493920326 
-0.7823039293289185 -0.4386504590511322 0.06111137568950653 
-0.7787812352180481 -0.442123681306839 0.061393942683935165 
-0.7751359343528748 -0.4455362856388092 0.0616777241230011 
-0.7713980674743652 -0.44886496663093567 0.06196027994155884 
-0.7677238583564758 -0.4519928991794586 0.06223200634121895 
-0.7642214894294739 -0.45484039187431335 0.06248742714524269 
-0.7606306076049805 -0.45760577917099 0.06274255365133286 
-0.75665283203125 -0.46051111817359924 0.06301610916852951 
-0.7522242069244385 -0.4635830521583557 0.06331238150596619 
-0.7474005222320557 -0.46676188707351685 0.06362628191709518 
-0.7425013780593872 -0.4698300063610077 0.0639384537935257 
-0.7378132939338684 -0.47259700298309326 0.06423192471265793 
-0.7332393527030945 -0.47512850165367126 0.06451116502285004 
-0.7286295294761658 -0.47752562165260315 0.06478486955165863 
-0.7239698767662048 -0.4798000752925873 0.06505482643842697 
-0.7192711234092712 -0.4819447994232178 0.06532061845064163 
-0.7145323157310486 -0.4839584231376648 0.06558209657669067 
-0.7097514271736145 -0.4858397841453552 0.06583920866250992 
-0.7049327492713928 -0.4875846803188324 0.0660916417837143 
-0.7000817656517029 -0.4891880452632904 0.06633900851011276 
-0.695206880569458 -0.4906446039676666 0.06658079475164413 
-0.6903157830238342 -0.4919487237930298 0.06681635975837708 
-0.6854126453399658 -0.49309641122817993 0.06704533100128174 
-0.6805309057235718 -0.4940813481807709 0.06726570427417755 
-0.6758553385734558 -0.4948856234550476 0.06747101992368698 
-0.6715139746665955 -0.495497465133667 0.06765767931938171 
-0.667191207408905 -0.4959443509578705 0.06783625483512878 
-0.6625266671180725 -0.49625200033187866 0.06801947951316833 
-0.6574581265449524 -0.49639877676963806 0.06820943206548691 
-0.6520626544952393 -0.4963543713092804 0.06840167939662933 
-0.6467064619064331 -0.4961107671260834 0.06858428567647934 
-0.6417121887207031 -0.49566560983657837 0.06874660402536392 
-0.6369637846946716 -0.49501752853393555 0.06889167428016663 
-0.6322895288467407 -0.4941689074039459 0.0690324530005455 
-0.627656877040863 -0.49311819672584534 0.06919275224208832 
-0.6231168508529663 -0.49186810851097107 0.06939582526683807 
-0.6188904643058777 -0.49043452739715576 0.0696646049618721 
-0.615051805973053 -0.4887739419937134 0.07001415640115738 
-0.6112157106399536 -0.4867008924484253 0.07044623792171478 
-0.6071218848228455 -0.4841214716434479 0.07094952464103699 
-0.603142261505127 -0.48136064410209656 0.07146646827459335 
-0.5996596217155457 -0.4787520468235016 0.07194583863019943 
-0.5965490341186523 -0.4762330651283264 0.0724005326628685 
-0.5935532450675964 -0.47362926602363586 0.07286356389522552 
-0.5904133319854736 -0.4707154333591461 0.07337581366300583 
-0.5869731903076172 -0.4673452377319336 0.07396216690540314 
-0.5834805369377136 -0.4637472331523895 0.07458499819040298 
-0.5801974534988403 -0.4601600468158722 0.07520420849323273 
-0.5770776271820068 -0.4565262496471405 0.07582852244377136 
-0.574026882648468 -0.45274507999420166 0.07647471874952316 
-0.5710453391075134 -0.4488086700439453 0.0771445706486702 
-0.5681527853012085 -0.44472599029541016 0.0778365284204483 
-0.5653624534606934 -0.44049596786499023 0.07855065912008286 
-0.5626865029335022 -0.4361162781715393 0.07928717136383057 
-0.5601413249969482 -0.43158987164497375 0.08004546165466309 
-0.5577444434165955 -0.4269207715988159 0.08082464337348938 
-0.5555139183998108 -0.42211517691612244 0.08162364363670349 
-0.5534690618515015 -0.4171888530254364 0.08244024962186813 
-0.5516386032104492 -0.4121979773044586 0.08326569944620132 
-0.550049901008606 -0.4071789085865021 0.08409212529659271 
-0.5486971735954285 -0.4020504355430603 0.08492957800626755 
-0.5475649833679199 -0.39675605297088623 0.0857890248298645 
-0.5466789603233337 -0.3914397060871124 0.08665275573730469 
-0.5460795164108276 -0.3862115144729614 0.0875026062130928 
-0.5457761883735657 -0.3808724582195282 0.08836422115564346 
-0.5457652807235718 -0.37522459030151367 0.08926711231470108 
-0.5460634231567383 -0.3693542778491974 0.09020145982503891 
-0.5466976165771484 -0.36338117718696594 0.09115081280469894 
-0.5476989150047302 -0.3573068678379059 0.09211327880620956 
-0.5490960478782654 -0.35111480951309204 0.09308925271034241 
-0.5509057641029358 -0.3448229432106018 0.09407559037208557 
-0.55311119556427 -0.3385029435157776 0.09506183117628098 
-0.5555772185325623 -0.33241692185401917 0.09600904583930969 
-0.5581501126289368 -0.3268360197544098 0.09687535464763641 
-0.5607173442840576 -0.32188162207603455 0.0976366251707077 
-0.5632040500640869 -0.3175906538963318 0.09828189015388489 
-0.5656532049179077 -0.31378892064094543 0.0988398864865303 
-0.5681315660476685 -0.31026971340179443 0.09934531897306442 
-0.570680558681488 -0.3069280982017517 0.09981263428926468 
-0.5733076930046082 -0.3037158250808716 0.10024761408567429 
-0.575924813747406 -0.3006989061832428 0.10064439475536346 
-0.5784870982170105 -0.29790595173835754 0.1010020300745964 
-0.5812126398086548 -0.2951148748397827 0.10134900361299515 
-0.5843355059623718 -0.2920933961868286 0.10171382874250412 
-0.5878943800926208 -0.2888214886188507 0.10209687799215317 
-0.5918315649032593 -0.28537121415138245 0.10248737037181854 
-0.5958980917930603 -0.2819620966911316 0.10285990685224533 
-0.5998391509056091 -0.27880632877349854 0.10319118201732635 
-0.6035741567611694 -0.27593907713890076 0.10348028689622879 
-0.6070838570594788 -0.2733384370803833 0.10373257100582123 
-0.6104196310043335 -0.2709440588951111 0.10395567119121552 
-0.6136926412582397 -0.2686605453491211 0.10415928065776825 
-0.6171867847442627 -0.2662966549396515 0.10435992479324341 
-0.6211656332015991 -0.2636837661266327 0.10457154363393784 
-0.6256376504898071 -0.26083439588546753 0.10479198396205902 
-0.6304954886436462 -0.2578340768814087 0.10501345992088318 
-0.6354272365570068 -0.2548704743385315 0.10522148758172989 
-0.6401581168174744 -0.25210127234458923 0.10540404915809631 
-0.6447713971138 -0.2494693547487259 0.1055661216378212 
-0.6493773460388184 -0.24689853191375732 0.10571460425853729 
-0.6538355350494385 -0.24445395171642303 0.10584726929664612 
-0.658042311668396 -0.24218368530273438 0.10596209019422531 
-0.6622922420501709 -0.23993079364299774 0.1060672402381897 
-0.6669121384620667 -0.2375214695930481 0.10617094486951828 
-0.6719691157341003 -0.2349209189414978 0.10627372562885284 
-0.6773965954780579 -0.23216481506824493 0.1063733696937561 
-0.6828532814979553 -0.22942273318767548 0.10646332055330276 
-0.6880297660827637 -0.22684630751609802 0.10653804987668991 
-0.693021833896637 -0.2243843376636505 0.10660047084093094 
-0.6979920864105225 -0.22195063531398773 0.10665448755025864 
-0.7029653787612915 -0.2195284217596054 0.10670097917318344 
-0.7079336643218994 -0.21711775660514832 0.10674024373292923 
-0.712899386882782 -0.21471425890922546 0.10677269846200943 
-0.7178658843040466 -0.2123127281665802 0.10679876804351807 
-0.7228303551673889 -0.20991134643554688 0.10681875795125961 
-0.7277876138687134 -0.20750901103019714 0.1068330779671669 
-0.7327314019203186 -0.2051057070493698 0.1068420335650444 
-0.7376540303230286 -0.20270131528377533 0.10684593766927719 
-0.742551326751709 -0.20029489696025848 0.10684523731470108 
-0.7473862171173096 -0.19790233671665192 0.10684064775705338 
-0.7519896626472473 -0.19560642540454865 0.10683266818523407 
-0.7562568783760071 -0.1934560090303421 0.10682137310504913 
-0.7604830861091614 -0.1912991851568222 0.10680703818798065 
-0.7649945616722107 -0.188966304063797 0.10678946226835251 
-0.7698467373847961 -0.1864205300807953 0.10676807910203934 
-0.774964451789856 -0.183693990111351 0.10674339532852173 
-0.7800173163414001 -0.18095582723617554 0.10671655088663101 
-0.7847091555595398 -0.17835761606693268 0.10668853670358658 
-0.7891367077827454 -0.17584732174873352 0.10666024684906006 
-0.7934576272964478 -0.17333956062793732 0.10663176327943802 
-0.7976952791213989 -0.17081907391548157 0.1066029891371727 
-0.8018412590026855 -0.16828688979148865 0.106574147939682 
-0.8058971166610718 -0.1657387912273407 0.10654563456773758 
-0.8098644018173218 -0.1631699651479721 0.10651770979166031 
-0.8137400150299072 -0.16057907044887543 0.10649082064628601 
-0.8175205588340759 -0.15796391665935516 0.1064653992652893 
-0.8212116956710815 -0.1553146094083786 0.10644151270389557 
-0.8248226046562195 -0.15261662006378174 0.10641831904649734 
-0.8283735513687134 -0.14984804391860962 0.10639601200819016 
-0.8318411111831665 -0.1470317393541336 0.10637775808572769 
-0.8349877595901489 -0.1443898230791092 0.10636986047029495 
-0.8376285433769226 -0.14208708703517914 0.10637408494949341 
-0.8400830626487732 -0.13980044424533844 0.10637646168470383 
-0.8427298069000244 -0.1371460109949112 0.10636331886053085 
-0.8456407189369202 -0.13404040038585663 0.10634800791740417 
-0.8487406969070435 -0.1305566132068634 0.10634925216436386 
-0.8516597747802734 -0.12708111107349396 0.1063615158200264 
-0.8540805578231812 -0.12394905090332031 0.10637594759464264 
-0.8561530113220215 -0.1210092231631279 0.10639835894107819 
-0.858108401298523 -0.11801213026046753 0.10643544793128967 
-0.8600969314575195 -0.11477155983448029 0.10649101436138153 
-0.8622108101844788 -0.1111718937754631 0.10656610876321793 
-0.8644053936004639 -0.10729027539491653 0.10665326565504074 
-0.8666111826896667 -0.10323823988437653 0.10674473643302917 
-0.8687766194343567 -0.09910072386264801 0.10683674365282059 
-0.8708630800247192 -0.09494107961654663 0.10692709684371948 
-0.8728635311126709 -0.09077226370573044 0.10701524466276169 
-0.8747774958610535 -0.08659575134515762 0.10710076242685318 
-0.8766060471534729 -0.08241056650876999 0.10718344151973724 
-0.8783411383628845 -0.07824251800775528 0.1072629988193512 
-0.8799310326576233 -0.07424306124448776 0.10733585804700851 
-0.8813416957855225 -0.07051166892051697 0.10739848762750626 
-0.8826713562011719 -0.06677624583244324 0.10745645314455032 
-0.8840270638465881 -0.0627286434173584 0.10751557350158691 
-0.8854198455810547 -0.05830731242895126 0.10757526010274887 
-0.8868202567100525 -0.05357136204838753 0.10763413459062576 
-0.888133704662323 -0.0488283596932888 0.10768628120422363 
-0.8892776966094971 -0.04435181990265846 0.10772616416215897 
-0.890285849571228 -0.04004102200269699 0.1077563539147377 
-0.8912063241004944 -0.03574228659272194 0.10777951776981354 
-0.892047643661499 -0.031433843076229095 0.10779526829719543 
-0.8928089737892151 -0.027119945734739304 0.10780302435159683 
-0.8934924006462097 -0.022793972864747047 0.10780245810747147 
-0.8940989971160889 -0.01844840683043003 0.10779312998056412 
-0.8946300148963928 -0.01408117264509201 0.10777454823255539 
-0.8950850367546082 -0.00969232153147459 0.10774629563093185 
-0.8954645395278931 -0.005283747334033251 0.10770805925130844 
-0.8957682847976685 -0.0008569690980948508 0.1076594814658165 
-0.8959969282150269 0.0035894103348255157 0.1076003909111023 
-0.8961517810821533 0.008027714677155018 0.1075315997004509 
-0.8962370753288269 0.012294958345592022 0.10745573043823242 
-0.8962555527687073 0.01628411002457142 0.10737326741218567 
-0.8962042927742004 0.02028758078813553 0.1072789654135704 
-0.8960767984390259 0.024635611101984978 0.10716620832681656 
-0.8958624005317688 0.029395055025815964 0.10703089833259583 
-0.895555317401886 0.03450367599725723 0.10687332600355148 
-0.895172655582428 0.03963155671954155 0.10670110583305359 
-0.8947333097457886 0.04446908086538315 0.10652197897434235 
-0.8942467570304871 0.049035895615816116 0.10633812844753265 
-0.8937195539474487 0.05340473726391792 0.10614822804927826 
-0.8931631445884705 0.05756550654768944 0.10595045983791351 
-0.8925771713256836 0.061557281762361526 0.10575384646654129 
-0.8919092416763306 0.06571131199598312 0.1055886447429657 
-0.8911035060882568 0.07034984976053238 0.10547937452793121 
-0.8901533484458923 0.07545480132102966 0.1054154559969902 
-0.88907390832901 0.0808820128440857 0.10537097603082657 
-0.88792884349823 0.08630122989416122 0.10532709211111069 
-0.8867735862731934 0.091433584690094 0.10527178645133972 
-0.8855871558189392 0.09639476239681244 0.10519803315401077 
-0.8843467235565186 0.1013239324092865 0.10510434210300446 
-0.8831008076667786 0.10607220232486725 0.10499783605337143 
-0.8818836808204651 0.1105247288942337 0.10488387942314148 
-0.8806034922599792 0.11500325798988342 0.1047503873705864 
-0.8791540861129761 0.11986944079399109 0.10458360612392426 
-0.8775071501731873 0.1251983642578125 0.10437853634357452 
-0.8756829500198364 0.1309036910533905 0.10413486510515213 
-0.8738306164741516 0.13652589917182922 0.10387389361858368 
-0.8720775246620178 0.14165489375591278 0.10361519455909729 
-0.8703190684318542 0.14650772511959076 0.10334426164627075 
-0.868407130241394 0.15139994025230408 0.10304604470729828 
-0.866249680519104 0.15640662610530853 0.10272099822759628 
-0.863781213760376 0.16153354942798615 0.10236705839633942 
-0.8610445261001587 0.16664786636829376 0.10199218988418579 
-0.8581032156944275 0.17160257697105408 0.10160873085260391 
-0.8549739718437195 0.17637814581394196 0.1012190654873848 
-0.8516611456871033 0.1809861958026886 0.10082564502954483 
-0.8481594920158386 0.18545225262641907 0.10043124854564667 
-0.8444672226905823 0.18979386985301971 0.10003453493118286 
-0.840613603591919 0.19398851692676544 0.09963461011648178 
-0.8366305828094482 0.19801050424575806 0.09922990202903748 
-0.832539975643158 0.20185621082782745 0.09881942719221115 
-0.8283656239509583 0.20552800595760345 0.09841388463973999 
-0.8241318464279175 0.20902583003044128 0.09802757203578949 
-0.8198267817497253 0.21236245334148407 0.09765372425317764 
-0.8153327107429504 0.2156263291835785 0.09726830571889877 
-0.8105670213699341 0.21888864040374756 0.09686286002397537 
-0.8056631088256836 0.2220635563135147 0.0964522436261177 
-0.8007603287696838 0.22505821287631989 0.09604933112859726 
-0.7958347201347351 0.22789771854877472 0.09565432369709015 
-0.7908416390419006 0.2306218445301056 0.09526418894529343 
-0.7858032584190369 0.23322537541389465 0.09487714618444443 
-0.7807533740997314 0.23569636046886444 0.09449305385351181 
-0.7757114171981812 0.23803697526454926 0.09411603212356567 
-0.7706891298294067 0.24025285243988037 0.09374944865703583 
-0.7656803131103516 0.24235394597053528 0.09339161217212677 
-0.7606785297393799 0.24434970319271088 0.09304071217775345 
-0.7556942701339722 0.2462429255247116 0.09269748628139496 
-0.7507404088973999 0.24803470075130463 0.09236288070678711 
-0.7458274960517883 0.24972742795944214 0.0920373797416687 
-0.740995466709137 0.2513149678707123 0.0917230024933815 
-0.7364183068275452 0.2527558207511902 0.09143084287643433 
-0.7322083711624146 0.2540256381034851 0.0911688432097435 
-0.7280802726745605 0.25520986318588257 0.09091847389936447 
-0.723701536655426 0.25640422105789185 0.09065878391265869 
-0.7189614176750183 0.25763294100761414 0.09038412570953369 
-0.7138908505439758 0.25888267159461975 0.09009674191474915 
-0.7088871002197266 0.26006433367729187 0.08982321619987488 
-0.704325795173645 0.2610945999622345 0.08958785235881805 
-0.7001237273216248 0.26199033856391907 0.08938083797693253 
-0.6961138248443604 0.26279106736183167 0.08918902277946472 
-0.6922540068626404 0.2635228633880615 0.08901601284742355 
-0.6884869933128357 0.26420992612838745 0.08886748552322388 
-0.6845313310623169 0.26488474011421204 0.08873584866523743 
-0.6801813840866089 0.2655629813671112 0.0886165052652359 
-0.6757861375808716 0.2661871016025543 0.0885370597243309 
-0.671747624874115 0.26668867468833923 0.08851837366819382 
-0.6682111024856567 0.26704180240631104 0.08853934705257416 
-0.6651520133018494 0.26724886894226074 0.08857616782188416 
-0.6621028780937195 0.2673737406730652 0.08861908316612244 
-0.6585936546325684 0.2674887776374817 0.08866465091705322 
-0.6544363498687744 0.2676197290420532 0.08871534466743469 
-0.6496091485023499 0.2677709460258484 0.08877120912075043 
-0.6445883512496948 0.26793137192726135 0.08882751315832138 
-0.6398431658744812 0.2680886685848236 0.08887972682714462 
-0.6353121399879456 0.2682426869869232 0.08892790228128433 
-0.6308334469795227 0.26839709281921387 0.08897347748279572 
-0.6263771057128906 0.2685531675815582 0.08901694416999817 
-0.6219432950019836 0.268710732460022 0.08905832469463348 
-0.6175234913825989 0.26886993646621704 0.08909766376018524 
-0.6131078004837036 0.2690308392047882 0.08913501352071762 
-0.6086924076080322 0.26919347047805786 0.08917035162448883 
-0.6042749285697937 0.2693576216697693 0.08920366317033768 
-0.5998548269271851 0.26952317357063293 0.08923495560884476 
-0.5954315662384033 0.2696898579597473 0.0892641693353653 
-0.591002881526947 0.2698574662208557 0.0892912894487381 
-0.5865971446037292 0.2700241506099701 0.08931604772806168 
-0.5823675990104675 0.27018484473228455 0.08933795988559723 
-0.5784047842025757 0.27033731341362 0.08935700356960297 
-0.574426531791687 0.2704905569553375 0.08937427401542664 
-0.5701189041137695 0.27065473794937134 0.08939073979854584 
-0.5654141306877136 0.270832896232605 0.08940637111663818 
-0.5603694319725037 0.2710219621658325 0.08942051231861115 
-0.5552959442138672 0.27121129631996155 0.0894322618842125 
-0.5504739880561829 0.27139174938201904 0.08944105356931686 
-0.5458070039749146 0.27156493067741394 0.0894472524523735 
-0.5411496758460999 0.2717321515083313 0.08945119380950928 
-0.5365384221076965 0.2718846797943115 0.08945314586162567 
-0.532025158405304 0.2720097601413727 0.08945359289646149 
-0.5275425314903259 0.272097647190094 0.08945341408252716 
-0.5230075716972351 0.27214714884757996 0.08945324271917343 
-0.5183957815170288 0.2721744179725647 0.08945324271917343 
-0.5136855840682983 0.2721971571445465 0.08945325016975403 
-0.5088115334510803 0.27222076058387756 0.08945325016975403 
-0.5037238001823425 0.27224457263946533 0.08945325016975403 
-0.4984823167324066 0.27226781845092773 0.08945325762033463 
-0.4931793510913849 0.27228984236717224 0.08945325762033463 
-0.48792892694473267 0.27231019735336304 0.08945325762033463 
-0.4827936589717865 0.27232789993286133 0.08945325762033463 
-0.4776113033294678 0.2723405659198761 0.0894533172249794 
-0.47221311926841736 0.2723481059074402 0.08945341408252716 
-0.46663233637809753 0.2723624110221863 0.08945342153310776 
-0.4609488546848297 0.2723916471004486 0.08945321291685104 
-0.455231249332428 0.2724180519580841 0.08945301920175552 
-0.44949275255203247 0.2724244296550751 0.08945304900407791 
-0.4435400664806366 0.2724209427833557 0.08945318311452866 
-0.437269389629364 0.2724204361438751 0.08945325016975403 
-0.43114423751831055 0.27241942286491394 0.0894533097743988 
-0.4256606996059418 0.27241382002830505 0.08945338428020477 
-0.42088058590888977 0.2724141478538513 0.08945338428020477 
-0.4167153835296631 0.272428423166275 0.08945317566394806 
-0.41290977597236633 0.2724405527114868 0.08945300430059433 
-0.40919530391693115 0.2724345624446869 0.08945303410291672 
-0.4054175913333893 0.2724204659461975 0.08945317566394806 
-0.40149611234664917 0.272411048412323 0.08945324271917343 
-0.3975333571434021 0.2724056541919708 0.08945325762033463 
-0.39366403222084045 0.2724006772041321 0.08945325016975403 
-0.38996949791908264 0.2723955810070038 0.08945325762033463 
-0.3864353895187378 0.27239033579826355 0.08945325016975403 
-0.382718563079834 0.2723844349384308 0.08945325762033463 
-0.3784753680229187 0.27237725257873535 0.08945325016975403 
-0.3736904561519623 0.27236881852149963 0.08945325762033463 
-0.3684845268726349 0.27235907316207886 0.08945324271917343 
-0.3631957173347473 0.2723487317562103 0.08945325762033463 
-0.3581192195415497 0.2723383903503418 0.08945325016975403 
-0.35316330194473267 0.27232789993286133 0.08945325016975403 
-0.3481719493865967 0.27231690287590027 0.08945325016975403 
-0.3431220054626465 0.272305428981781 0.08945325016975403 
-0.33802032470703125 0.27229347825050354 0.08945324271917343 
-0.3328635096549988 0.27228108048439026 0.08945324271917343 
-0.32764697074890137 0.2722681164741516 0.08945323526859283 
-0.3223724365234375 0.27225467562675476 0.08945324271917343 
-0.3170435130596161 0.2722407281398773 0.08945323526859283 
