-0.3170437514781952 0.2721555233001709 0.08335382491350174 
-0.31166648864746094 0.2721411883831024 0.08335383981466293 
-0.30624666810035706 0.27212637662887573 0.08335382491350174 
-0.3007882237434387 0.2721111476421356 0.08335383981466293 
-0.29531487822532654 0.27209553122520447 0.08335382491350174 
-0.2899317741394043 0.27207985520362854 0.08335382491350174 
-0.28470173478126526 0.2720642387866974 0.08335382491350174 
-0.2794375419616699 0.2720482647418976 0.08335382491350174 
-0.2739359736442566 0.2720312178134918 0.08335381746292114 
-0.2681804299354553 0.2720131576061249 0.08335382491350174 
-0.2622326612472534 0.271994024515152 0.08335382491350174 
-0.25628185272216797 0.27197468280792236 0.08335383981466293 
-0.250493586063385 0.2719554007053375 0.08335382491350174 
-0.24481327831745148 0.27193620800971985 0.08335383981466293 
-0.23915095627307892 0.2719167172908783 0.08335382491350174 
-0.23349694907665253 0.27189692854881287 0.08335383981466293 
-0.2278585582971573 0.27187681198120117 0.08335382491350174 
-0.22223156690597534 0.27185648679733276 0.08335383981466293 
-0.21661049127578735 0.2718358039855957 0.08335382491350174 
-0.21099698543548584 0.27181485295295715 0.08335383981466293 
-0.20537450909614563 0.27179354429244995 0.08335667848587036 
-0.19964705407619476 0.27177169919013977 0.08337657898664474 
-0.19388291239738464 0.27174967527389526 0.08343208581209183 
-0.1888878345489502 0.2717307507991791 0.08354762941598892 
-0.1852991133928299 0.27171751856803894 0.0837617814540863 
-0.1823435127735138 0.27170711755752563 0.08416382968425751 
-0.17900708317756653 0.27169546484947205 0.08486960828304291 
-0.17472359538078308 0.2716793119907379 0.0860506072640419 
-0.1693171262741089 0.2716580629348755 0.08779406547546387 
-0.16372601687908173 0.27164214849472046 0.08979438990354538 
-0.15892073512077332 0.27163931727409363 0.09171682596206665 
-0.15488705039024353 0.27163732051849365 0.09350290149450302 
-0.151351660490036 0.27162376046180725 0.0951843410730362 
-0.1479901522397995 0.2716054320335388 0.09687797725200653 
-0.14454413950443268 0.27159154415130615 0.09868621826171875 
-0.1410713642835617 0.27158138155937195 0.10056927055120468 
-0.1376681923866272 0.2715721130371094 0.10247375816106796 
-0.13427044451236725 0.27156299352645874 0.10443438589572906 
-0.1307833194732666 0.27155378460884094 0.1065034344792366 
-0.1271502822637558 0.27154430747032166 0.10871563106775284 
-0.12337195873260498 0.2715345025062561 0.11107029765844345 
-0.11963968724012375 0.27152493596076965 0.11344282329082489 
-0.11609653383493423 0.2715158760547638 0.11574050784111023 
-0.11250244081020355 0.2715068459510803 0.11812284588813782 
-0.10857643932104111 0.27149704098701477 0.12077705562114716 
-0.10425758361816406 0.27148640155792236 0.12374953180551529 
-0.09959921985864639 0.2714749276638031 0.12700872123241425 
-0.09489241242408752 0.27146345376968384 0.130352184176445 
-0.09041677415370941 0.2714526653289795 0.13358280062675476 
-0.08616895228624344 0.2714425027370453 0.1366957277059555 
-0.08210527151823044 0.2714332938194275 0.13971316814422607 
-0.07830425351858139 0.27142736315727234 0.14257381856441498 
-0.07480161637067795 0.27142533659935 0.14524757862091064 
-0.071339912712574 0.27141866087913513 0.14791302382946014 
-0.06762375682592392 0.2714006304740906 0.1507820039987564 
-0.06349949538707733 0.2713812291622162 0.15399140119552612 
-0.0589388869702816 0.2713700234889984 0.1575830727815628 
-0.05427388846874237 0.27135851979255676 0.16129471361637115 
-0.04983564838767052 0.27133944630622864 0.16485977172851562 
-0.04559210687875748 0.27132824063301086 0.1682996153831482 
-0.041477855294942856 0.2713378965854645 0.17166070640087128 
-0.03765729442238808 0.2713485062122345 0.1748022884130478 
-0.03431679308414459 0.2713395357131958 0.17756550014019012 
-0.0315009169280529 0.2713223099708557 0.17990732192993164 
-0.02909371815621853 0.27131137251853943 0.18191958963871002 
-0.026479119434952736 0.271304726600647 0.18411915004253387 
-0.023089537397027016 0.27129703760147095 0.18698415160179138 
-0.01905156299471855 0.2712879776954651 0.1904134899377823 
-0.014643598347902298 0.2712780833244324 0.19417835772037506 
-0.010057131759822369 0.2712678015232086 0.1981186419725418 
-0.0054339030757546425 0.2712573707103729 0.20211480557918549 
-0.0008036073995754123 0.2712470293045044 0.20614126324653625 
0.0038313623517751694 0.2712366282939911 0.21019525825977325 
0.008465745486319065 0.27122625708580017 0.21427153050899506 
0.013095000758767128 0.2712158262729645 0.21836528182029724 
0.01772032119333744 0.27120545506477356 0.2224770486354828 
0.022344321012496948 0.27119505405426025 0.22660841047763824 
0.026969630271196365 0.27118465304374695 0.23076118528842926 
0.03159740939736366 0.27117425203323364 0.23493579030036926 
0.036223139613866806 0.27116382122039795 0.23912766575813293 
0.040841564536094666 0.27115336060523987 0.24333146214485168 
0.04545028880238533 0.27114295959472656 0.24754442274570465 
0.04999188333749771 0.2711326479911804 0.2517126202583313 
0.054185956716537476 0.27112311124801636 0.25557467341423035 
0.05775861069560051 0.2711149752140045 0.2588745653629303 
0.06068499758839607 0.2711082994937897 0.26158520579338074 
0.0631241425871849 0.2711026668548584 0.26385053992271423 
0.06572148948907852 0.27109673619270325 0.2662707567214966 
0.06906522065401077 0.27108898758888245 0.2693939805030823 
0.07302813231945038 0.27107980847358704 0.2731044888496399 
0.0773269459605217 0.27106985449790955 0.27714118361473083 
0.0817699208855629 0.27105948328971863 0.2813257873058319 
0.08621600270271301 0.27104902267456055 0.28552645444869995 
0.09063565731048584 0.27103862166404724 0.2897152602672577 
0.09503194689750671 0.2710275650024414 0.29389455914497375 
0.09942694753408432 0.2710127830505371 0.2980853319168091 
0.10383766889572144 0.2709927558898926 0.3023032248020172 
0.10824204981327057 0.2709759771823883 0.30652672052383423 
0.11261825263500214 0.2709704041481018 0.3107343912124634 
0.11698485910892487 0.27097299695014954 0.31494390964508057 
0.12135974317789078 0.2709771394729614 0.31917232275009155 
0.1257181167602539 0.2709740400314331 0.3233954608440399 
0.13002194464206696 0.27095770835876465 0.3275758922100067 
0.1342235803604126 0.27093708515167236 0.3316665291786194 
0.13826331496238708 0.2709220349788666 0.3356078565120697 
0.14204317331314087 0.2709115445613861 0.33930280804634094 
0.14552679657936096 0.2709023952484131 0.34271445870399475 
0.14896291494369507 0.27089330554008484 0.3460865020751953 
0.1526164412498474 0.2708834409713745 0.3496786653995514 
0.15653225779533386 0.2708728015422821 0.353535532951355 
0.160649836063385 0.2708613872528076 0.3575977683067322 
0.16470755636692047 0.2708500325679779 0.36160701513290405 
0.16847127676010132 0.2708393335342407 0.36533182859420776 
0.1720181256532669 0.27082914113998413 0.36884772777557373 
0.17547617852687836 0.27081894874572754 0.37228041887283325 
0.17886660993099213 0.2708088457584381 0.3756502866744995 
0.1821904182434082 0.2707980275154114 0.3789578676223755 
0.18547554314136505 0.27078303694725037 0.3822307586669922 
0.18874971568584442 0.2707630693912506 0.38549619913101196 
0.19201408326625824 0.270751029253006 0.38875460624694824 
0.19525425136089325 0.27075648307800293 0.39199110865592957 
0.19842179119586945 0.2707621157169342 0.39515724778175354 
0.2014673352241516 0.27075040340423584 0.3982034921646118 
0.20437297224998474 0.2707308232784271 0.401111364364624 
0.20721082389354706 0.2707154154777527 0.40395206212997437 
0.21038222312927246 0.27070048451423645 0.4071264863014221 
0.2142297923564911 0.2706805169582367 0.4109763503074646 
0.2185324877500534 0.2706596553325653 0.41527754068374634 
0.2229231595993042 0.27064281702041626 0.4196595251560211 
0.2270146906375885 0.2706279158592224 0.42373335361480713 
0.23059146106243134 0.2706115245819092 0.4272826910018921 
0.23414556682109833 0.2705920934677124 0.4308009147644043 
0.23819215595722198 0.2705689072608948 0.43480777740478516 
0.24263253808021545 0.2705439031124115 0.4392205476760864 
0.2472417652606964 0.27051928639411926 0.44382980465888977 
0.25190427899360657 0.27049610018730164 0.4485226273536682 
0.2565465271472931 0.2704748213291168 0.4532243609428406 
0.26115429401397705 0.27045559883117676 0.45791807770729065 
0.2656731605529785 0.27043843269348145 0.4625442922115326 
0.26983028650283813 0.2704240381717682 0.4668167531490326 
0.2733595073223114 0.270412802696228 0.47045570611953735 
0.27624180912971497 0.27040448784828186 0.4734358787536621 
0.2786378562450409 0.2703982889652252 0.4759189486503601 
0.28118178248405457 0.270392507314682 0.47856172919273376 
0.2844500243663788 0.27038586139678955 0.4819619357585907 
0.28831660747528076 0.2703790068626404 0.48598894476890564 
0.2925025522708893 0.27037280797958374 0.4903530776500702 
0.29682138562202454 0.2703678607940674 0.4948582053184509 
0.3011367619037628 0.270364373922348 0.4993595778942108 
0.30542176961898804 0.27036237716674805 0.5038264393806458 
0.3096080422401428 0.2703617513179779 0.5081848502159119 
0.31335189938545227 0.27036210894584656 0.5120774507522583 
0.3163466155529022 0.2703630030155182 0.5151857733726501 
0.3187098503112793 0.2703639566898346 0.5176334381103516 
0.3207453191280365 0.27036428451538086 0.519736111164093 
0.3230784237384796 0.2703635096549988 0.5221372246742249 
0.32623347640037537 0.2703612744808197 0.5253739953041077 
0.33000949025154114 0.270358681678772 0.5292326807975769 
0.3340798616409302 0.27035683393478394 0.5333688855171204 
0.33834242820739746 0.27035585045814514 0.5376697182655334 
0.34274303913116455 0.27035579085350037 0.5420727133750916 
0.34719663858413696 0.2703573405742645 0.5464868545532227 
0.3515855669975281 0.27036088705062866 0.5507921576499939 
0.3556942939758301 0.2703651487827301 0.5547811985015869 
0.35939139127731323 0.2703687250614166 0.5583279132843018 
0.36298224329948425 0.27037256956100464 0.5617202520370483 
0.366811603307724 0.27037763595581055 0.5652816295623779 
0.3709474205970764 0.27038419246673584 0.5690654516220093 
0.3753332793712616 0.27039188146591187 0.5730093121528625 
0.37969520688056946 0.2704000771045685 0.5768601298332214 
0.383786678314209 0.27040836215019226 0.5803917050361633 
0.38769134879112244 0.27041682600975037 0.5836776494979858 
0.3915524184703827 0.27042561769485474 0.5868445634841919 
0.3954229950904846 0.27043479681015015 0.5899324417114258 
0.399311363697052 0.2704443335533142 0.5929441452026367 
0.40313926339149475 0.27045395970344543 0.5958206653594971 
0.40683120489120483 0.27046340703964233 0.598505437374115 
0.4104095995426178 0.2704726755619049 0.6010153293609619 
0.4139432907104492 0.2704818546772003 0.6033961772918701 
0.4175879657268524 0.2704913318157196 0.6057404279708862 
0.4214636981487274 0.2705013155937195 0.6081149578094482 
0.4254605770111084 0.27051156759262085 0.6104415655136108 
0.429379940032959 0.2705213725566864 0.6125985383987427 
0.4328974187374115 0.27052998542785645 0.6144384741783142 
0.43582960963249207 0.27053698897361755 0.61588454246521 
0.4386828541755676 0.27054351568222046 0.617168664932251 
0.44202226400375366 0.2705506384372711 0.6185396909713745 
0.4459591209888458 0.27055859565734863 0.6200082898139954 
0.45039066672325134 0.2705668807029724 0.6214975118637085 
0.4548131823539734 0.2705744802951813 0.6228196024894714 
0.45878568291664124 0.2705804407596588 0.6238141059875488 
0.46252062916755676 0.2705850899219513 0.6245403289794922 
0.46631914377212524 0.270588755607605 0.6250894665718079 
0.47018706798553467 0.27059149742126465 0.6254623532295227 
0.4741142988204956 0.2705931067466736 0.6256304979324341 
0.4783257246017456 0.27059313654899597 0.6255404353141785 
0.48299640417099 0.27059122920036316 0.6251437067985535 
0.4878685772418976 0.2705872654914856 0.6244368553161621 
0.4926004409790039 0.2705812454223633 0.6234439015388489 
0.49694815278053284 0.27057376503944397 0.6222541928291321 
0.5007299184799194 0.27056536078453064 0.6209731101989746 
0.5039157867431641 0.27055689692497253 0.6197080612182617 
0.5065972805023193 0.2705484926700592 0.6185051798820496 
0.5092010498046875 0.2705382704734802 0.6171678304672241 
0.5121898055076599 0.2705175578594208 0.6154501438140869 
0.5158387422561646 0.2704530656337738 0.6131582856178284 
0.520226001739502 0.2703050971031189 0.6102173328399658 
0.5248333811759949 0.2700335681438446 0.6069793701171875 
0.529137134552002 0.26960498094558716 0.603806734085083 
0.5331920981407166 0.26901429891586304 0.6006765365600586 
0.5371550917625427 0.268266886472702 0.5974978804588318 
0.5410140156745911 0.2673829197883606 0.5942943692207336 
0.5447372794151306 0.26637914776802063 0.5910982489585876 
0.5483838319778442 0.26524537801742554 0.5878626704216003 
0.5520204305648804 0.2639673948287964 0.5845319628715515 
0.5556589365005493 0.2625429630279541 0.5810962915420532 
0.5592926144599915 0.26097506284713745 0.5775613188743591 
0.5628980994224548 0.2592751979827881 0.5739502310752869 
0.5664522647857666 0.25745558738708496 0.5702865123748779 
0.5699501037597656 0.25552308559417725 0.5665777325630188 
0.5733785629272461 0.2534974217414856 0.5628427863121033 
0.5766785740852356 0.2514575123786926 0.5591632127761841 
0.579812228679657 0.24944815039634705 0.5555900931358337 
0.582876443862915 0.24732090532779694 0.5519925951957703 
0.5859845280647278 0.24492542445659637 0.5482207536697388 
0.5891832113265991 0.2422984391450882 0.5442320704460144 
0.59246826171875 0.23952651023864746 0.5400475859642029 
0.5957011580467224 0.2367096245288849 0.5358397364616394 
0.5987465977668762 0.2339295893907547 0.5317742228507996 
0.6016183495521545 0.23118257522583008 0.5278417468070984 
0.6043469905853271 0.22846242785453796 0.5240167379379272 
0.6068841218948364 0.22583959996700287 0.520384669303894 
0.6092038750648499 0.22334766387939453 0.516990065574646 
0.6114527583122253 0.22079706192016602 0.5136041641235352 
0.6137900352478027 0.2179863005876541 0.5099766254425049 
0.6162558197975159 0.21489015221595764 0.5060458183288574 
0.6188260316848755 0.2115633636713028 0.5018510818481445 
0.6213414669036865 0.20820586383342743 0.4976493716239929 
0.6236557364463806 0.20499669015407562 0.4936762750148773 
0.625810444355011 0.20188839733600616 0.48986807465553284 
0.6278664469718933 0.19881607592105865 0.4861345589160919 
0.6297756433486938 0.19587308168411255 0.4825819730758667 
0.631500244140625 0.19312798976898193 0.4792886972427368 
0.6331557035446167 0.1903931200504303 0.4760288894176483 
0.634867787361145 0.187459796667099 0.47255223989486694 
0.636651873588562 0.18429291248321533 0.4688167870044708 
0.63847416639328 0.18094216287136078 0.4648806154727936 
0.6402167081832886 0.17762331664562225 0.46099546551704407 
0.6417756676673889 0.17452916502952576 0.4573853313922882 
0.6431883573532104 0.17159408330917358 0.45397138595581055 
0.6445158123970032 0.1687105894088745 0.4506246745586395 
0.6457729339599609 0.16586226224899292 0.44731923937797546 
0.6469607353210449 0.16305416822433472 0.44405582547187805 
0.6480740308761597 0.1602867841720581 0.4408383071422577 
0.6491050720214844 0.15756754577159882 0.4376785457134247 
0.6500436067581177 0.1549367606639862 0.4346175193786621 
0.650884747505188 0.1524173766374588 0.431674063205719 
0.6516487002372742 0.14993025362491608 0.428751140832901 
0.6523481011390686 0.14741270244121552 0.42577460408210754 
0.6529418230056763 0.14497019350528717 0.42287901043891907 
0.6534038186073303 0.14268317818641663 0.4201606214046478 
0.6538233757019043 0.14036394655704498 0.4173533022403717 
0.6542985439300537 0.1377771943807602 0.4141319990158081 
0.6548480987548828 0.13476599752902985 0.4102983772754669 
0.6554617881774902 0.13129711151123047 0.4058206081390381 
0.6560949683189392 0.12775394320487976 0.4012078642845154 
0.6566964387893677 0.12454807758331299 0.39700594544410706 
0.6572261452674866 0.12178757041692734 0.3933698236942291 
0.6576637029647827 0.11945284903049469 0.3902863562107086 
0.6580566763877869 0.11731786280870438 0.3874627649784088 
0.6584576964378357 0.11514992266893387 0.3845949172973633 
0.6588704586029053 0.11289644241333008 0.3816143274307251 
0.6592890024185181 0.11055831611156464 0.3785238564014435 
0.6597184538841248 0.10817046463489532 0.3753759562969208 
0.6601625680923462 0.10575849562883377 0.3722101151943207 
0.66060870885849 0.10327671468257904 0.36896342039108276 
0.6610413789749146 0.10069584846496582 0.36559364199638367 
0.6614525318145752 0.09812422841787338 0.3622453212738037 
0.6618408560752869 0.09564373642206192 0.35903021693229675 
0.6622279286384583 0.09309352189302444 0.355743944644928 
0.6626353859901428 0.09028767794370651 0.3521496057510376 
0.6630641222000122 0.08718297630548477 0.34819719195365906 
0.6635044813156128 0.08381516486406326 0.34393763542175293 
0.6639262437820435 0.08039330691099167 0.339639276266098 
0.6643016934394836 0.07710710912942886 0.33554506301879883 
0.6646377444267273 0.07389579713344574 0.3315800428390503 
0.6649459600448608 0.07066460698843002 0.3276253044605255 
0.6652249097824097 0.06743375957012177 0.3237055838108063 
0.6654704213142395 0.06423240900039673 0.3198575973510742 
0.6656851768493652 0.06101077049970627 0.3160237967967987 
0.6658710241317749 0.057710763067007065 0.3121369481086731 
0.6660263538360596 0.0543203204870224 0.30818623304367065 
0.6661478281021118 0.050843048840761185 0.30417948961257935 
0.6662317514419556 0.04729940742254257 0.3001440763473511 
0.6662746071815491 0.04371006041765213 0.2961070239543915 
0.6662742495536804 0.040079858154058456 0.2920769453048706 
0.6662208437919617 0.03642068803310394 0.2880919575691223 
0.666074812412262 0.03278864920139313 0.2843293249607086 
0.665820300579071 0.029224632307887077 0.28088003396987915 
0.665566623210907 0.025664543733000755 0.27735304832458496 
0.6654039621353149 0.022012561559677124 0.2733718752861023 
0.6652225255966187 0.01815091073513031 0.2691022753715515 
0.6648995280265808 0.014019778929650784 0.26481565833091736 
0.6644635796546936 0.009813198819756508 0.2606641352176666 
0.6639675498008728 0.005727937910705805 0.2567320466041565 
0.6634148359298706 0.0017178914276883006 0.25295203924179077 
0.6627998948097229 -0.0022882786579430103 0.24925124645233154 
0.6621368527412415 -0.006219935137778521 0.24568690359592438 
0.66143798828125 -0.010015103034675121 0.24231570959091187 
0.6606909036636353 -0.013788419775664806 0.23906169831752777 
0.6598772406578064 -0.01767178624868393 0.23583203554153442 
0.6589821577072144 -0.021689534187316895 0.2325994372367859 
0.6580032706260681 -0.02580074593424797 0.22938291728496552 
0.6569889783859253 -0.029811153188347816 0.22632206976413727 
0.6559720635414124 -0.03358616307377815 0.22351612150669098 
0.6548742055892944 -0.037383247166872025 0.22078344225883484 
0.6536045670509338 -0.04149908199906349 0.21791669726371765 
0.6521318554878235 -0.04599505662918091 0.21488797664642334 
0.6504626274108887 -0.0508129745721817 0.21175140142440796 
0.6486948728561401 -0.05565176531672478 0.20871074497699738 
0.6469258069992065 -0.06022464483976364 0.2059543877840042 
0.6451584696769714 -0.06454510241746902 0.2034606635570526 
0.6433834433555603 -0.06867039948701859 0.20117118954658508 
0.6416381597518921 -0.07253273576498032 0.19909167289733887 
0.6399532556533813 -0.07608111202716827 0.19722464680671692 
0.6382901072502136 -0.07945673167705536 0.19549575448036194 
0.6366075277328491 -0.08281156420707703 0.19382677972316742 
0.6349252462387085 -0.08614849299192429 0.19220197200775146 
0.6332706212997437 -0.08944186568260193 0.19061942398548126 
0.6316412091255188 -0.09270098805427551 0.18907146155834198 
0.6300039887428284 -0.09598961472511292 0.18752720952033997 
0.6282326579093933 -0.09955435991287231 0.18586942553520203 
0.6262102723121643 -0.10362152010202408 0.1839909851551056 
0.6239517331123352 -0.1081535816192627 0.18191251158714294 
0.6215255856513977 -0.11300498992204666 0.17970475554466248 
0.6190844774246216 -0.11786230653524399 0.1775125116109848 
0.6167481541633606 -0.12247708439826965 0.17545171082019806 
0.6144201755523682 -0.12702885270118713 0.17344920337200165 
0.6119843125343323 -0.1317359209060669 0.17141495645046234 
0.6094641089439392 -0.1365438848733902 0.16938108205795288 
0.6069270372390747 -0.14131265878677368 0.16741454601287842 
0.6044793725013733 -0.1458323895931244 0.1656010001897812 
0.6021967530250549 -0.14995217323303223 0.16400183737277985 
0.5999959111213684 -0.15382644534111023 0.16256321966648102 
0.5978082418441772 -0.15759041905403137 0.1612320989370346 
0.5957846641540527 -0.16099731624126434 0.1600736379623413 
0.5940423607826233 -0.16384898126125336 0.15914124250411987 
0.5923442840576172 -0.16652385890483856 0.15832333266735077 
0.5904115438461304 -0.16946284472942352 0.1574939340353012 
0.5881528258323669 -0.17278032004833221 0.15663474798202515 
0.5855854749679565 -0.17642362415790558 0.15577231347560883 
0.5829758644104004 -0.1799991875886917 0.15500591695308685 
0.580542802810669 -0.18317921459674835 0.1544209122657776 
0.5780695080757141 -0.18624043464660645 0.15397481620311737 
0.5752939581871033 -0.18951846659183502 0.15360863506793976 
0.572210967540741 -0.1929805725812912 0.1533253937959671 
0.568877637386322 -0.19651587307453156 0.15314151346683502 
0.5653478503227234 -0.2000701129436493 0.15306492149829865 
0.5617064237594604 -0.20357520878314972 0.1530969738960266 
0.5581697821617126 -0.20685094594955444 0.1532217115163803 
0.5549174547195435 -0.20975534617900848 0.1534210443496704 
0.5518506169319153 -0.2124107927083969 0.15368589758872986 
0.548836886882782 -0.2149668037891388 0.1540064960718155 
0.5458887219429016 -0.21741759777069092 0.1543615311384201 
0.5429911017417908 -0.21977105736732483 0.15473996102809906 
0.5398758053779602 -0.22224558889865875 0.1551843136548996 
0.5362683534622192 -0.22506359219551086 0.1557411253452301 
0.5321245193481445 -0.22825364768505096 0.15642064809799194 
0.5275290012359619 -0.23174411058425903 0.1572103053331375 
0.5228515863418579 -0.23525698482990265 0.15804331004619598 
0.5184106826782227 -0.2385532110929489 0.1588611602783203 
0.5140361189842224 -0.24175648391246796 0.15969285368919373 
0.5095095038414001 -0.24501875042915344 0.16057747602462769 
0.5049089193344116 -0.24824227392673492 0.16150733828544617 
0.5003672242164612 -0.25128820538520813 0.16246479749679565 
0.49594026803970337 -0.25410282611846924 0.16344033181667328 
0.49164390563964844 -0.2566692531108856 0.1644301861524582 
0.48741117119789124 -0.25903406739234924 0.16544698178768158 
0.48317044973373413 -0.2612483501434326 0.16650398075580597 
0.4789162278175354 -0.26331859827041626 0.16760066151618958 
0.474657267332077 -0.2652413249015808 0.16873347759246826 
0.4703952968120575 -0.2670176327228546 0.16990062594413757 
0.46615973114967346 -0.26864194869995117 0.1710914522409439 
0.46209916472435 -0.2700774669647217 0.1722591519355774 
0.45830249786376953 -0.2713041603565216 0.17337463796138763 
0.45450228452682495 -0.2724001705646515 0.17451725900173187 
0.45040130615234375 -0.2734479010105133 0.17577584087848663 
0.4459395408630371 -0.27444836497306824 0.17717042565345764 
0.44117575883865356 -0.2753737270832062 0.1786840707063675 
0.4364076554775238 -0.276162326335907 0.18022172152996063 
0.4319266080856323 -0.2767620086669922 0.18168911337852478 
0.4277631342411041 -0.2771930396556854 0.18307307362556458 
0.4238729774951935 -0.27749043703079224 0.1843830943107605 
0.4201767146587372 -0.277677059173584 0.1856382042169571 
0.4165414273738861 -0.2777649462223053 0.18688052892684937 
0.41265803575515747 -0.2777361273765564 0.1882355660200119 
0.4082696735858917 -0.27756866812705994 0.18980912864208221 
0.40350717306137085 -0.27725517749786377 0.19154508411884308 
0.3986019194126129 -0.27679798007011414 0.19334685802459717 
0.39380133152008057 -0.27622362971305847 0.19511817395687103 
0.3892850875854492 -0.2755574882030487 0.19678936898708344 
0.38494598865509033 -0.2747960686683655 0.1983979344367981 
0.3806646168231964 -0.2739390432834625 0.19998586177825928 
0.3765614628791809 -0.27302950620651245 0.20150727033615112 
0.37272635102272034 -0.27209585905075073 0.20292748510837555 
0.36888980865478516 -0.2710670828819275 0.20434466004371643 
0.3647521138191223 -0.2698608338832855 0.205867737531662 
0.36025336384773254 -0.26844996213912964 0.20751658082008362 
0.3554535210132599 -0.26684337854385376 0.20926670730113983 
0.35065290331840515 -0.2651393711566925 0.21100662648677826 
0.3461214303970337 -0.2634292542934418 0.21263596415519714 
0.34176960587501526 -0.2616875469684601 0.2141861766576767 
0.3374483287334442 -0.25986939668655396 0.2157103419303894 
0.3331323564052582 -0.2579696476459503 0.2172163724899292 
0.328824907541275 -0.25599178671836853 0.2187015265226364 
0.3245204985141754 -0.253935307264328 0.2201661765575409 
0.3202125132083893 -0.251799076795578 0.22161099314689636 
0.31589996814727783 -0.2495843917131424 0.2230348289012909 
0.3115834593772888 -0.24729326367378235 0.2244357019662857 
0.30726540088653564 -0.24492883682250977 0.22581131756305695 
0.30294814705848694 -0.24249403178691864 0.22715921700000763 
0.2986324429512024 -0.23999132215976715 0.22847770154476166 
0.2943340539932251 -0.23743289709091187 0.2297607958316803 
0.290131539106369 -0.2348717302083969 0.23098596930503845 
0.2860724627971649 -0.23233957588672638 0.23213914036750793 
0.2820190489292145 -0.22974275052547455 0.23325766623020172 
0.2778076231479645 -0.22695964574813843 0.23438622057437897 
0.27335795760154724 -0.2238827347755432 0.23554787039756775 
0.26865553855895996 -0.22044159471988678 0.23674966394901276 
0.26386556029319763 -0.21670107543468475 0.2379569113254547 
0.2591759264469147 -0.21275675296783447 0.2391270399093628 
0.25468572974205017 -0.2086925357580185 0.24022828042507172 
0.25046470761299133 -0.20458433032035828 0.24123653769493103 
0.24655520915985107 -0.2004879117012024 0.2421482503414154 
0.24297384917736053 -0.1964351087808609 0.24296759068965912 
0.23966354131698608 -0.1923828125 0.24370960891246796 
0.2365606278181076 -0.18827980756759644 0.2443893551826477 
0.23364995419979095 -0.18411868810653687 0.24501144886016846 
0.23092857003211975 -0.17990317940711975 0.2455778419971466 
0.2283947914838791 -0.17563900351524353 0.2460903525352478 
0.22604656219482422 -0.1713317185640335 0.24655060470104218 
0.22388078272342682 -0.16698528826236725 0.24696072936058044 
0.22190335392951965 -0.16263438761234283 0.24732136726379395 
0.22015805542469025 -0.15843835473060608 0.24762770533561707 
0.21866834163665771 -0.15449431538581848 0.24787786602973938 
0.21733863651752472 -0.15052646398544312 0.24808833003044128 
0.21606816351413727 -0.14622730016708374 0.24827586114406586 
0.2148548662662506 -0.14153599739074707 0.24844074249267578 
0.21373143792152405 -0.13651661574840546 0.24857816100120544 
0.21277184784412384 -0.13148623704910278 0.2486802190542221 
0.21203763782978058 -0.12673111259937286 0.24874088168144226 
0.2115001231431961 -0.12216132134199142 0.24876590073108673 
0.21111583709716797 -0.11762503534555435 0.2487625777721405 
0.21087339520454407 -0.11309951543807983 0.24873431026935577 
0.21076926589012146 -0.10859178751707077 0.24868319928646088 
0.21080005168914795 -0.10409975051879883 0.2486112415790558 
0.2109622359275818 -0.09962020814418793 0.2485204041004181 
0.2112528681755066 -0.09515582770109177 0.24841277301311493 
0.2116689234972 -0.09070998430252075 0.2482902705669403 
0.21220780909061432 -0.08628391474485397 0.24815447628498077 
0.21286754310131073 -0.08187636733055115 0.24800674617290497 
0.21364928781986237 -0.07747862488031387 0.24784936010837555 
0.21454310417175293 -0.07312198728322983 0.24768653512001038 
0.21549247205257416 -0.06900531053543091 0.2475312054157257 
0.2164590060710907 -0.0652569830417633 0.24739159643650055 
0.21752400696277618 -0.061556048691272736 0.2472498118877411 
0.21878474950790405 -0.0575442798435688 0.24708713591098785 
0.22028326988220215 -0.0531635582447052 0.24690890312194824 
0.22201253473758698 -0.048508573323488235 0.24672402441501617 
0.22382476925849915 -0.04398513212800026 0.24653320014476776 
0.22560802102088928 -0.039916492998600006 0.24632170796394348 
0.22753408551216125 -0.03598485514521599 0.24602259695529938 
0.229783833026886 -0.031832315027713776 0.2455732673406601 
0.23229140043258667 -0.02758183516561985 0.2449813038110733 
0.2349269837141037 -0.02346350997686386 0.24427641928195953 
0.23755182325839996 -0.01965523138642311 0.24350731074810028 
0.24006406962871552 -0.01626499369740486 0.24271482229232788 
0.2425185889005661 -0.013173473998904228 0.24189120531082153 
0.24500249326229095 -0.010225951671600342 0.2410178929567337 
0.24757522344589233 -0.007353549357503653 0.240082785487175 
0.2502647638320923 -0.004529207944869995 0.23908156156539917 
0.2530008852481842 -0.001807347871363163 0.23803485929965973 
0.2557457387447357 0.0007806250941939652 0.23694880306720734 
0.2586902678012848 0.003376845270395279 0.23574736714363098 
0.262043833732605 0.006130697671324015 0.23434729874134064 
0.2658615708351135 0.00904704350978136 0.23271937668323517 
0.2701050043106079 0.01205963734537363 0.23087270557880402 
0.2745154798030853 0.014962366782128811 0.22891677916049957 
0.27885711193084717 0.017571859061717987 0.22695234417915344 
0.2832060158252716 0.01993563398718834 0.22494617104530334 
0.28767406940460205 0.022135067731142044 0.22284963726997375 
0.2922058403491974 0.02415613643825054 0.22068755328655243 
0.29672771692276 0.02596883475780487 0.21849390864372253 
0.30126330256462097 0.027574753388762474 0.21626697480678558 
0.3058813214302063 0.028988655656576157 0.21398136019706726 
0.3107354938983917 0.03024660050868988 0.21155370771884918 
0.3159557580947876 0.031374137848615646 0.20890961587429047 
0.3214930593967438 0.03233376145362854 0.2060694843530655 
0.327230840921402 0.033075425773859024 0.20309165120124817 
0.33296141028404236 0.03356224298477173 0.20009292662143707 
0.33845996856689453 0.033774442970752716 0.19719862937927246 
0.34352439641952515 0.033747874200344086 0.19451108574867249 
0.3480605483055115 0.033520255237817764 0.19207365810871124 
0.35238540172576904 0.03308149054646492 0.189719095826149 
0.3568570911884308 0.03240911662578583 0.18725816905498505 
0.3615892827510834 0.031479209661483765 0.184625506401062 
0.36656221747398376 0.030287062749266624 0.1818276047706604 
0.3714699149131775 0.028906431049108505 0.17903512716293335 
0.3760279417037964 0.027410024777054787 0.1764070689678192 
0.3803280293941498 0.025788037106394768 0.17389245331287384 
0.3845231235027313 0.024016788229346275 0.17140568792819977 
0.3886374235153198 0.02209976501762867 0.16893333196640015 
0.39266452193260193 0.020046116784214973 0.16647869348526 
0.39660659432411194 0.01786060445010662 0.16404005885124207 
0.40046602487564087 0.015547463670372963 0.1616153120994568 
0.40424051880836487 0.013113297522068024 0.1592053323984146 
0.4079258143901825 0.010565587319433689 0.15681196749210358 
0.41151636838912964 0.007913014851510525 0.15443821251392365 
0.4150063097476959 0.005164340138435364 0.15208685398101807 
0.4183920621871948 0.0023274575360119343 0.14975988864898682 
0.4216499328613281 -0.0005680553731508553 0.14747413992881775 
0.424677312374115 -0.003405026625841856 0.1453075110912323 
0.42741209268569946 -0.006109657231718302 0.14330695569515228 
0.43003490567207336 -0.008869246579706669 0.1413356512784958 
0.43274247646331787 -0.011894085444509983 0.13924232125282288 
0.43555566668510437 -0.01522535178810358 0.13700249791145325 
0.4384196698665619 -0.01881890557706356 0.13464973866939545 
0.4411552846431732 -0.022458473220467567 0.13232359290122986 
0.4436071217060089 -0.02595466934144497 0.13014620542526245 
0.4458424150943756 -0.02939784899353981 0.12806469202041626 
0.447954386472702 -0.03290633484721184 0.1260044425725937 
0.4499194920063019 -0.036430723965168 0.12397931516170502 
0.451693058013916 -0.039891041815280914 0.12202217429876328 
0.45326417684555054 -0.043252844363451004 0.1201535165309906 
0.45463407039642334 -0.04650291055440903 0.1183834820985794 
0.4558200240135193 -0.04966740310192108 0.11669336259365082 
0.4568448066711426 -0.052796706557273865 0.11505039036273956 
0.4577387869358063 -0.055998798459768295 0.11339431256055832 
0.4585377871990204 -0.05940081179141998 0.11165425181388855 
0.45929327607154846 -0.06314919888973236 0.1097446158528328 
0.46004095673561096 -0.0673050731420517 0.1076236218214035 
0.4607381224632263 -0.07156900316476822 0.1054401770234108 
0.46133753657341003 -0.0756661668419838 0.10333213210105896 
0.4618530571460724 -0.07978078722953796 0.10120301693677902 
0.46230578422546387 -0.084160216152668 0.09892420470714569 
0.4626855254173279 -0.08884534239768982 0.09647349268198013 
0.4629729092121124 -0.09376558661460876 0.09388687461614609 
0.4631439745426178 -0.09861113876104355 0.09132754802703857 
0.46317991614341736 -0.10310523957014084 0.08894156664609909 
0.46308839321136475 -0.10734310746192932 0.08667999505996704 
0.4628808796405792 -0.11148086190223694 0.08446181565523148 
0.46255984902381897 -0.11554674059152603 0.08227308094501495 
0.46212467551231384 -0.11953894048929214 0.08011548966169357 
0.4615740180015564 -0.12346389144659042 0.07798630744218826 
0.4609036445617676 -0.1273355782032013 0.07587780803442001 
0.46010005474090576 -0.1311904340982437 0.07376676052808762 
0.45914995670318604 -0.13506118953227997 0.07163494825363159 
0.45805269479751587 -0.1389436423778534 0.06949993968009949 
0.45681196451187134 -0.14281535148620605 0.06738561391830444 
0.4554388225078583 -0.1466180384159088 0.06530534476041794 
0.45396631956100464 -0.15025965869426727 0.06329100579023361 
0.45251166820526123 -0.15354953706264496 0.06145923212170601 
0.45114457607269287 -0.1563921719789505 0.05987769737839699 
0.44966375827789307 -0.15917153656482697 0.05833376199007034 
0.44784921407699585 -0.16228948533535004 0.05660105496644974 
0.44567951560020447 -0.16573987901210785 0.05467885732650757 
0.443220853805542 -0.16937297582626343 0.05265020579099655 
0.44069474935531616 -0.17287303507328033 0.05070780590176582 
0.4382847249507904 -0.1759853959083557 0.04900569096207619 
0.43586990237236023 -0.17886707186698914 0.04743364080786705 
0.43328848481178284 -0.18173260986804962 0.045849643647670746 
0.43051981925964355 -0.18461549282073975 0.044249050319194794 
0.4275781214237213 -0.18750232458114624 0.04265768080949783 
0.42447715997695923 -0.19037337601184845 0.04108622670173645 
0.42122748494148254 -0.19321104884147644 0.03954043239355087 
0.41783013939857483 -0.19601237773895264 0.03802170976996422 
0.41428342461586 -0.19877777993679047 0.03653053566813469 
0.4105875790119171 -0.20150668919086456 0.03506799787282944 
0.406742662191391 -0.20419837534427643 0.033635176718235016 
0.40274757146835327 -0.20685341954231262 0.03223253786563873 
0.3986195921897888 -0.20946288108825684 0.03086557239294052 
0.39445051550865173 -0.21197941899299622 0.029560545459389687 
0.39029476046562195 -0.2143751084804535 0.028332583606243134 
0.38598373532295227 -0.2167387157678604 0.027131449431180954 
0.3813404440879822 -0.21916300058364868 0.02590618096292019 
0.37637704610824585 -0.2216404676437378 0.024668259546160698 
0.3712146580219269 -0.2241063266992569 0.023455681279301643 
0.36622217297554016 -0.22636716067790985 0.022350093349814415 
0.3617438077926636 -0.22824910283088684 0.021424952894449234 
0.3577781319618225 -0.22978544235229492 0.020677370950579643 
0.35421714186668396 -0.23105864226818085 0.020077886059880257 
0.35087427496910095 -0.2321414202451706 0.019567115232348442 
0.34751513600349426 -0.2331070899963379 0.019082559272646904 
0.3437943160533905 -0.23404280841350555 0.01857919432222843 
0.3394460082054138 -0.23501014709472656 0.018031494691967964 
0.33463531732559204 -0.23595546185970306 0.017474496737122536 
0.32963061332702637 -0.23680523037910461 0.01695403642952442 
0.3246850371360779 -0.23752233386039734 0.016498541459441185 
0.31997618079185486 -0.2380894422531128 0.016124403104186058 
0.315396785736084 -0.23853343725204468 0.01581728830933571 
0.3108312487602234 -0.23888590931892395 0.01555935200303793 
0.30641692876815796 -0.23915378749370575 0.015349497087299824 
0.3022552728652954 -0.23933979868888855 0.015188298188149929 
0.2980524003505707 -0.23945502936840057 0.01506627257913351 
0.29348015785217285 -0.23950910568237305 0.01497423555701971 
0.2884696125984192 -0.2394983172416687 0.014914276078343391 
0.2830847203731537 -0.23941831290721893 0.014890672639012337 
0.27766263484954834 -0.23927515745162964 0.014905226416885853 
0.2725079357624054 -0.23907655477523804 0.014958313666284084 
0.2675228714942932 -0.23882664740085602 0.015047145076096058 
0.26254338026046753 -0.2385285496711731 0.015168451704084873 
0.2575434446334839 -0.2381865382194519 0.015320289880037308 
0.25252869725227356 -0.23780469596385956 0.015501141548156738 
0.2474946230649948 -0.23738640546798706 0.01570991240441799 
0.2424355000257492 -0.23693476617336273 0.015945542603731155 
0.23735196888446808 -0.23645347356796265 0.016206806525588036 
0.232246533036232 -0.23594631254673004 0.01649237982928753 
0.22712396085262299 -0.23541730642318726 0.016800815239548683 
0.22198888659477234 -0.2348705381155014 0.01713063381612301 
0.21684400737285614 -0.23431003093719482 0.017480438575148582 
0.21172724664211273 -0.23374350368976593 0.01784590072929859 
0.20682011544704437 -0.2331949919462204 0.018210863694548607 
0.20223218202590942 -0.23268024623394012 0.018564965575933456 
0.19764280319213867 -0.23216673731803894 0.018932905048131943 
0.19269533455371857 -0.23161813616752625 0.01934264414012432 
0.18732057511806488 -0.23103146255016327 0.019800182431936264 
0.18159256875514984 -0.23041953146457672 0.02029947191476822 
0.1758718192577362 -0.2298254370689392 0.020808296278119087 
0.17048285901546478 -0.22928792238235474 0.021297167986631393 
0.16532032191753387 -0.22879913449287415 0.021773774176836014 
0.16020819544792175 -0.22834336757659912 0.022251905873417854 
0.1551179438829422 -0.22792097926139832 0.022732730954885483 
0.15005525946617126 -0.22753600776195526 0.023214498534798622 
0.14501552283763885 -0.22719189524650574 0.023696448653936386 
0.1399930864572525 -0.2268918752670288 0.024177903309464455 
0.13498856127262115 -0.22663997113704681 0.024657612666487694 
0.13000459969043732 -0.22644010186195374 0.02513410523533821 
0.125046044588089 -0.22629643976688385 0.025605713948607445 
0.12011764943599701 -0.22621303796768188 0.026070762425661087 
0.11522218585014343 -0.22619391977787018 0.026527779176831245 
0.11039454489946365 -0.22624064981937408 0.026972537860274315 
0.10580073297023773 -0.22634582221508026 0.0273896511644125 
0.10154075175523758 -0.22650563716888428 0.027769457548856735 
0.09732015430927277 -0.22674071788787842 0.028136366978287697 
0.09281288832426071 -0.22707609832286835 0.02851715497672558 
0.08796150237321854 -0.2275310903787613 0.02891392633318901 
0.08283864706754684 -0.22811414301395416 0.029317911714315414 
0.07776924967765808 -0.22879712283611298 0.029701516032218933 
0.07303698360919952 -0.22955472767353058 0.030040740966796875 
0.0685085877776146 -0.2304101139307022 0.030344976112246513 
0.0639997199177742 -0.23139405250549316 0.030627526342868805 
0.05953887477517128 -0.2325201779603958 0.0308840312063694 
0.05517655611038208 -0.23381759226322174 0.03110986202955246 
0.05083882808685303 -0.23539593815803528 0.031316932290792465 
0.04642185941338539 -0.23737134039402008 0.031520843505859375 
0.0418270006775856 -0.23980654776096344 0.03173542767763138 
0.03699969872832298 -0.2427191138267517 0.031969983130693436 
0.03205685690045357 -0.2459997832775116 0.032217543572187424 
0.027173003181815147 -0.24948638677597046 0.03246689960360527 
0.022581836208701134 -0.2529323995113373 0.032706309109926224 
0.018479490652680397 -0.25611549615859985 0.03292597457766533 
0.014852702617645264 -0.2589949071407318 0.03312460333108902 
0.011607355438172817 -0.26160356402397156 0.033304959535598755 
0.008535344153642654 -0.2640886902809143 0.033477701246738434 
0.005439795553684235 -0.26659491658210754 0.03365331515669823 
0.002282815519720316 -0.26914358139038086 0.033833734691143036 
-0.0009221527725458145 -0.2717161476612091 0.03401807323098183 
-0.0041152676567435265 -0.27425891160964966 0.03420272096991539 
-0.007253461517393589 -0.27673161029815674 0.03438502922654152 
-0.010407162830233574 -0.27918335795402527 0.03456900268793106 
-0.01366686075925827 -0.28167805075645447 0.03475979343056679 
-0.01708981767296791 -0.2842505872249603 0.03496069833636284 
-0.020707037299871445 -0.28691497445106506 0.0351734533905983 
-0.024477748200297356 -0.2896310091018677 0.03539559617638588 
-0.02832406759262085 -0.2923341989517212 0.03562241792678833 
-0.03209143504500389 -0.2949182689189911 0.035844720900058746 
-0.03569360449910164 -0.29732200503349304 0.03605728596448898 
-0.039394311606884 -0.2997080087661743 0.03627558797597885 
-0.04348965361714363 -0.30225616693496704 0.0365169532597065 
-0.04805544763803482 -0.3049941658973694 0.03678570315241814 
-0.05304751172661781 -0.3078758120536804 0.03707907348871231 
-0.05816240981221199 -0.31071314215660095 0.03737907484173775 
-0.0631219819188118 -0.31333649158477783 0.03766927868127823 
-0.06800874322652817 -0.31579190492630005 0.0379546582698822 
-0.07295463979244232 -0.3181561827659607 0.038243070244789124 
-0.0779290497303009 -0.3204141855239868 0.03853246569633484 
-0.08288631588220596 -0.32253992557525635 0.038819462060928345 
-0.08788364380598068 -0.32455772161483765 0.03910526633262634 
-0.09300516545772552 -0.32650241255760193 0.03939368948340416 
-0.09834030270576477 -0.32840126752853394 0.039694562554359436 
-0.10395428538322449 -0.3302687704563141 0.040015753358602524 
-0.10981117188930511 -0.3320773243904114 0.04035148024559021 
-0.11585758626461029 -0.3337930738925934 0.040694206953048706 
-0.12207219749689102 -0.33540117740631104 0.041043058037757874 
-0.12835945188999176 -0.336879163980484 0.04139400273561478 
-0.13429564237594604 -0.33815595507621765 0.04172400012612343 
-0.13946054875850677 -0.3391692042350769 0.04200996458530426 
-0.14377616345882416 -0.33994022011756897 0.04224799573421478 
-0.1474452018737793 -0.3405321538448334 0.042449578642845154 
-0.1514514833688736 -0.34109190106391907 0.04266861081123352 
-0.1567077934741974 -0.3417417109012604 0.04295489937067032 
-0.1630621999502182 -0.342421293258667 0.04329962283372879 
-0.17011237144470215 -0.3430344760417938 0.043680332601070404 
-0.17751939594745636 -0.3435239791870117 0.04407884180545807 
-0.18498674035072327 -0.34384679794311523 0.04447971284389496 
-0.19232505559921265 -0.3439786732196808 0.04487445950508118 
-0.1994100958108902 -0.34390345215797424 0.04525795578956604 
-0.2062717080116272 -0.3436187207698822 0.04563172161579132 
-0.21296857297420502 -0.34312644600868225 0.0459984615445137 
-0.21952077746391296 -0.342431902885437 0.046359118074178696 
-0.22593821585178375 -0.3415410816669464 0.04671413451433182 
-0.23222871124744415 -0.34045934677124023 0.04706389829516411 
-0.23839746415615082 -0.3391920328140259 0.04740865156054497 
-0.24444203078746796 -0.33774620294570923 0.04774821549654007 
-0.25036266446113586 -0.33612722158432007 0.048082876950502396 
-0.2561790347099304 -0.33433449268341064 0.04841523990035057 
-0.2619229257106781 -0.33236101269721985 0.04874858632683754 
-0.26765674352645874 -0.3301825225353241 0.049086447805166245 
-0.2733996510505676 -0.32779327034950256 0.04942791536450386 
-0.2789689302444458 -0.32527869939804077 0.049754127860069275 
-0.2842146158218384 -0.32270967960357666 0.05005043372511864 
-0.2893209159374237 -0.32000696659088135 0.050337135791778564 
-0.29447388648986816 -0.3170945942401886 0.05063536763191223 
-0.299534410238266 -0.3140602111816406 0.05093482509255409 
-0.3043358325958252 -0.31100308895111084 0.051221370697021484 
-0.3089272379875183 -0.307905375957489 0.0514969676733017 
-0.31339386105537415 -0.30472952127456665 0.051766537129879 
-0.31775036454200745 -0.3014770448207855 0.05203086882829666 
-0.3219957947731018 -0.29815709590911865 0.05228981375694275 
-0.32613807916641235 -0.2947721481323242 0.05254380404949188 
-0.33018559217453003 -0.291323721408844 0.05279327929019928 
-0.33414173126220703 -0.28781744837760925 0.053038373589515686 
-0.33800771832466125 -0.2842601537704468 0.0532790869474411 
-0.34178370237350464 -0.280660480260849 0.05351536348462105 
-0.34546953439712524 -0.2770266830921173 0.053747110068798065 
-0.34906715154647827 -0.27336594462394714 0.053974371403455734 
-0.35255634784698486 -0.2697104811668396 0.054195743054151535 
-0.35582759976387024 -0.26619577407836914 0.05440410599112511 
-0.3588167726993561 -0.262905478477478 0.05459524691104889 
-0.3617304265499115 -0.2596142590045929 0.05478234216570854 
-0.3647949993610382 -0.25607120990753174 0.05497990548610687 
-0.36804813146591187 -0.25223308801651 0.05519035458564758 
-0.3714391887187958 -0.24815919995307922 0.055410414934158325 
-0.3747553527355194 -0.24411216378211975 0.05562622472643852 
-0.3778112232685089 -0.24032273888587952 0.05582626909017563 
-0.380695104598999 -0.23669177293777466 0.05601930618286133 
-0.3835377097129822 -0.23307082056999207 0.0562143474817276 
-0.3863663673400879 -0.2294456660747528 0.05640152841806412 
-0.38917434215545654 -0.2258409708738327 0.05657178908586502 
-0.39192354679107666 -0.22230376303195953 0.056738223880529404 
-0.39457517862319946 -0.218881756067276 0.05691387131810188 
-0.3971204161643982 -0.21560315787792206 0.05708974972367287 
-0.39956972002983093 -0.21247370541095734 0.05725543573498726 
-0.40198180079460144 -0.20942935347557068 0.05741726607084274 
-0.40441542863845825 -0.20640526711940765 0.05758248642086983 
-0.4068821668624878 -0.20340363681316376 0.0577455498278141 
-0.40942004323005676 -0.20040661096572876 0.057903509587049484 
-0.41222071647644043 -0.19724997878074646 0.058076806366443634 
-0.41545212268829346 -0.19381293654441833 0.05828453600406647 
-0.41903582215309143 -0.1902952492237091 0.05851724371314049 
-0.4228126108646393 -0.18696296215057373 0.058756567537784576 
-0.4265475273132324 -0.18402700126171112 0.05897730961441994 
-0.4300675094127655 -0.18160302937030792 0.05916079133749008 
-0.43352243304252625 -0.17948192358016968 0.05932126194238663 
-0.4371306002140045 -0.17740623652935028 0.059479355812072754 
-0.4410610496997833 -0.17525115609169006 0.0596485435962677 
-0.44539207220077515 -0.17296874523162842 0.05983548238873482 
-0.449889212846756 -0.17068688571453094 0.06002720072865486 
-0.4543056786060333 -0.1685410887002945 0.060209546238183975 
-0.4586598873138428 -0.16652190685272217 0.06038385629653931 
-0.46302175521850586 -0.1645912528038025 0.06055436283349991 
-0.4674053490161896 -0.16274133324623108 0.06072187051177025 
-0.4717790186405182 -0.16098229587078094 0.0608852319419384 
-0.47598692774772644 -0.15936525166034698 0.06103908270597458 
-0.47993528842926025 -0.15792006254196167 0.06118018180131912 
-0.48390287160873413 -0.15655085444450378 0.061318155378103256 
-0.48819994926452637 -0.15515351295471191 0.061463575810194016 
-0.4928908348083496 -0.15371738374233246 0.06161806732416153 
-0.49791499972343445 -0.15227128565311432 0.06177906319499016 
-0.5029588341712952 -0.15090914070606232 0.06193625181913376 
-0.5077593326568604 -0.14970916509628296 0.06208121031522751 
-0.5125086307525635 -0.14862221479415894 0.062220651656389236 
-0.5174081921577454 -0.14759394526481628 0.062360890209674835 
-0.5222412943840027 -0.14667756855487823 0.0624915175139904 
-0.5267784595489502 -0.1459309309720993 0.06260243058204651 
-0.5311559438705444 -0.14532315731048584 0.06270154565572739 
-0.5355338454246521 -0.14481060206890106 0.06279831379652023 
-0.5397999882698059 -0.14438748359680176 0.0628904178738594 
-0.5438762903213501 -0.14405252039432526 0.06297491490840912 
-0.5480949282646179 -0.14378485083580017 0.06305848807096481 
-0.5527888536453247 -0.1435663253068924 0.06314807385206223 
-0.5578861236572266 -0.1434093862771988 0.06324237585067749 
-0.563191294670105 -0.14333122968673706 0.06333760172128677 
-0.5684204697608948 -0.14333748817443848 0.06342840194702148 
-0.5733508467674255 -0.1434294581413269 0.06351062655448914 
-0.5780937671661377 -0.1436026692390442 0.06358625739812851 
-0.5827779769897461 -0.1438484936952591 0.06365785747766495 
-0.5872713923454285 -0.14414763450622559 0.06372387707233429 
-0.5914742946624756 -0.14448824524879456 0.06378300487995148 
-0.5956827402114868 -0.14489948749542236 0.0638391450047493 
-0.6002249717712402 -0.1454160362482071 0.06389647722244263 
-0.6051672697067261 -0.14605410397052765 0.0639554113149643 
-0.6104437112808228 -0.1468140184879303 0.06401468068361282 
-0.6157243847846985 -0.14765143394470215 0.06407040357589722 
-0.6207119226455688 -0.148524209856987 0.06411910802125931 
-0.6255050301551819 -0.1494443118572235 0.06416195631027222 
-0.6302667856216431 -0.15043264627456665 0.06420087814331055 
-0.6350249648094177 -0.15149199962615967 0.06423614174127579 
-0.6397756338119507 -0.15262112021446228 0.06426770985126495 
-0.6445246934890747 -0.15382125973701477 0.06429555267095566 
-0.6492791771888733 -0.1550939381122589 0.0643196702003479 
-0.6540402770042419 -0.15643949806690216 0.0643400251865387 
-0.6588069200515747 -0.15785767138004303 0.06435652822256088 
-0.6635761857032776 -0.15934769809246063 0.06436913460493088 
-0.6683451533317566 -0.16090863943099976 0.06437775492668152 
-0.673113226890564 -0.16254018247127533 0.06438235193490982 
-0.6778467297554016 -0.16422846913337708 0.06438295543193817 
-0.682380199432373 -0.16590534150600433 0.06438004225492477 
-0.6866001486778259 -0.16752324998378754 0.06437395513057709 
-0.690735936164856 -0.16917173564434052 0.06436419486999512 
-0.695097029209137 -0.17097902297973633 0.06434956938028336 
-0.6999734044075012 -0.1730915755033493 0.0643271654844284 
-0.7055114507675171 -0.1756005585193634 0.06429366022348404 
-0.711302638053894 -0.17835816740989685 0.06424601376056671 
-0.7168917655944824 -0.1811879426240921 0.06418288499116898 
-0.7221947908401489 -0.1840381920337677 0.06410946696996689 
-0.7272236347198486 -0.18689389526844025 0.06403086334466934 
-0.7320050001144409 -0.18976253271102905 0.06394543498754501 
-0.7365714311599731 -0.19265829026699066 0.06385049223899841 
-0.7409656643867493 -0.1956009417772293 0.06374633312225342 
-0.7452250719070435 -0.19860772788524628 0.06363380700349808 
-0.749358594417572 -0.20168106257915497 0.06351349502801895 
-0.7533665895462036 -0.20481917262077332 0.06338584423065186 
-0.7572489976882935 -0.2080191969871521 0.06325139850378036 
-0.7610049247741699 -0.21127799153327942 0.06311064213514328 
-0.7646359801292419 -0.21459388732910156 0.06296410411596298 
-0.7681220769882202 -0.217940554022789 0.0628134086728096 
-0.7713587284088135 -0.22119289636611938 0.06266486644744873 
-0.7742844223976135 -0.2242746651172638 0.06252243369817734 
-0.7770981192588806 -0.2274051010608673 0.062376271933317184 
-0.7800165414810181 -0.23082928359508514 0.06221522390842438 
-0.783069908618927 -0.23460139334201813 0.06203707680106163 
-0.786204993724823 -0.23867559432983398 0.06184428557753563 
-0.7892224788665771 -0.24279794096946716 0.06164930388331413 
-0.791946291923523 -0.24673832952976227 0.06146342307329178 
-0.7944404482841492 -0.25057053565979004 0.06128358468413353 
-0.7968072295188904 -0.25441816449165344 0.06110431253910065 
-0.799066960811615 -0.2583010792732239 0.060925062745809555 
-0.8012197017669678 -0.26221486926078796 0.060746416449546814 
-0.8032702207565308 -0.26616352796554565 0.06056861951947212 
-0.8052231669425964 -0.27015167474746704 0.06039181724190712 
-0.8070807456970215 -0.2741793692111969 0.06021643057465553 
-0.808843731880188 -0.27824488282203674 0.060042936354875565 
-0.8105131387710571 -0.282344788312912 0.059871893376111984 
-0.8120890855789185 -0.2864757180213928 0.059703849256038666 
-0.81357342004776 -0.2906360328197479 0.05953928083181381 
-0.814959704875946 -0.2947945296764374 0.059379640966653824 
-0.8162124156951904 -0.2988012731075287 0.05923036113381386 
-0.8173114061355591 -0.30256542563438416 0.05909479036927223 
-0.8183290958404541 -0.30635228753089905 0.05896421894431114 
-0.8193432688713074 -0.31045714020729065 0.05882907286286354 
-0.8203599452972412 -0.314940869808197 0.05868862196803093 
-0.8213570713996887 -0.31974470615386963 0.058545928448438644 
-0.8222702741622925 -0.32456791400909424 0.05841074511408806 
-0.8230438232421875 -0.3291388750076294 0.05829166993498802 
-0.8237006068229675 -0.33354583382606506 0.05818631872534752 
-0.8242754936218262 -0.33793583512306213 0.058090489357709885 
-0.8247765302658081 -0.3423328995704651 0.058003757148981094 
-0.825205385684967 -0.3467463254928589 0.05792653560638428 
-0.8255654573440552 -0.3512501120567322 0.05785871297121048 
-0.8258523941040039 -0.3558795750141144 0.05780063569545746 
-0.826029360294342 -0.36045199632644653 0.057755131274461746 
-0.8260542750358582 -0.3647778332233429 0.05772452801465988 
-0.8258973360061646 -0.36886054277420044 0.057707078754901886 
-0.8255364298820496 -0.3727604150772095 0.05770018324255943 
-0.8249725103378296 -0.3765731751918793 0.057702187448740005 
-0.8242214918136597 -0.38034385442733765 0.05771121755242348 
-0.8233389854431152 -0.3838798701763153 0.0577237643301487 
-0.8223701119422913 -0.38704508543014526 0.05773807317018509 
-0.8212825059890747 -0.39016756415367126 0.05776146054267883 
-0.8200089931488037 -0.39362379908561707 0.057800211012363434 
-0.8184256553649902 -0.3975221812725067 0.05784774199128151 
-0.8164603114128113 -0.40181323885917664 0.05789647996425629 
-0.8143050670623779 -0.40608489513397217 0.0579477995634079 
-0.8121516108512878 -0.40996822714805603 0.05800486356019974 
-0.8099267482757568 -0.4136306941509247 0.05806906148791313 
-0.807523787021637 -0.4173095226287842 0.05814203992486 
-0.8049675822257996 -0.42098596692085266 0.05822843685746193 
-0.8022966384887695 -0.4246029257774353 0.05833425372838974 
-0.7994745373725891 -0.428207129240036 0.05846806988120079 
-0.7964575290679932 -0.4318527579307556 0.058634523302316666 
-0.7932512760162354 -0.4355217218399048 0.05882015824317932 
-0.789874255657196 -0.4391794502735138 0.059010084718465805 
-0.7863480448722839 -0.44279882311820984 0.059201840311288834 
-0.7826916575431824 -0.4463576674461365 0.05939590930938721 
-0.7789133787155151 -0.4498480558395386 0.0595921128988266 
-0.7750483751296997 -0.4532432556152344 0.059788625687360764 
-0.7712505459785461 -0.45643049478530884 0.059978093951940536 
-0.7676154375076294 -0.4593409597873688 0.06015592813491821 
-0.7638850808143616 -0.4621685743331909 0.06033431738615036 
-0.7597695589065552 -0.4651262164115906 0.06052683666348457 
-0.755203902721405 -0.4682406187057495 0.06073587387800217 
-0.7502433061599731 -0.47145333886146545 0.06095821410417557 
-0.7452000379562378 -0.4745539426803589 0.0611795149743557 
-0.7403580546379089 -0.47735509276390076 0.0613868273794651 
-0.7356323003768921 -0.47991546988487244 0.061583954840898514 
-0.7308765053749084 -0.48233354091644287 0.06177741289138794 
-0.7260710597038269 -0.48462364077568054 0.061968062072992325 
-0.7212247848510742 -0.48677948117256165 0.06215532124042511 
-0.716336727142334 -0.4887996315956116 0.062339089810848236 
-0.7114048600196838 -0.4906826913356781 0.06251925230026245 
-0.7064334154129028 -0.49242454767227173 0.06269548833370209 
-0.7014275789260864 -0.49401983618736267 0.06286733597517014 
-0.6963959336280823 -0.49546322226524353 0.06303434818983078 
-0.6913459897041321 -0.4967489242553711 0.06319601088762283 
-0.686284065246582 -0.49787235260009766 0.06335193663835526 
-0.6812503933906555 -0.49882665276527405 0.06350086629390717 
-0.6764259934425354 -0.49959659576416016 0.06363809108734131 
-0.6719210743904114 -0.5001726746559143 0.06376069039106369 
-0.6674244403839111 -0.5005785226821899 0.0638764277100563 
-0.6625901460647583 -0.5008344650268555 0.06399369239807129 
-0.657355785369873 -0.5009173154830933 0.0641128271818161 
-0.6517985463142395 -0.5007978677749634 0.06423088163137436 
-0.6462724804878235 -0.5004702210426331 0.06433968991041183 
-0.6410958766937256 -0.49993351101875305 0.0644320622086525 
-0.6361689567565918 -0.4991864562034607 0.06451010704040527 
-0.6313183307647705 -0.49822384119033813 0.06457997858524323 
-0.6264962553977966 -0.4970264434814453 0.06465528905391693 
-0.6217276453971863 -0.49557510018348694 0.06475488096475601 
-0.6172046661376953 -0.49386611580848694 0.06491148471832275 
-0.6130582690238953 -0.4918760061264038 0.06515482813119888 
-0.6090089082717896 -0.48948729038238525 0.06548882275819778 
-0.6048134565353394 -0.48665034770965576 0.06590116024017334 
-0.6007855534553528 -0.48368039727211 0.0663406029343605 
-0.5972610116004944 -0.4808887839317322 0.06676017493009567 
-0.594109296798706 -0.4782050549983978 0.06716900318861008 
-0.5910815596580505 -0.4754505455493927 0.06759253889322281 
-0.5879262089729309 -0.4723960757255554 0.06806548684835434 
-0.5844874382019043 -0.46889162063598633 0.06861057132482529 
-0.5809985399246216 -0.4651557505130768 0.06919372826814651 
-0.5777156352996826 -0.46142667531967163 0.06977776437997818 
-0.5745991468429565 -0.4576548635959625 0.07037020474672318 
-0.5715578198432922 -0.45374032855033875 0.07098624110221863 
-0.5685901641845703 -0.4496713876724243 0.07162753492593765 
-0.5657151937484741 -0.4454559087753296 0.07229260355234146 
-0.5629463791847229 -0.441092848777771 0.07298143208026886 
-0.5602962970733643 -0.43658000230789185 0.0736941248178482 
-0.5577816963195801 -0.4319203794002533 0.07443005591630936 
-0.5554202198982239 -0.42711833119392395 0.07518824934959412 
-0.5532305836677551 -0.42218050360679626 0.07596749812364578 
-0.5512335300445557 -0.41712382435798645 0.07676500827074051 
-0.5494575500488281 -0.41200464963912964 0.07757222652435303 
-0.547924816608429 -0.4068603813648224 0.07838315516710281 
-0.5466276407241821 -0.4016135334968567 0.07920803129673004 
-0.545559287071228 -0.3962065279483795 0.08005447685718536 
-0.5447505712509155 -0.3907775282859802 0.08090358972549438 
-0.5442339777946472 -0.3854380249977112 0.08174016326665878 
-0.5440126657485962 -0.3799983263015747 0.0825904980301857 
-0.5440875291824341 -0.3742620348930359 0.08348190784454346 
-0.544479489326477 -0.3683091700077057 0.0844041258096695 
-0.5452148914337158 -0.36225977540016174 0.08534099906682968 
-0.5463225245475769 -0.3561195731163025 0.0862904042005539 
-0.5478287935256958 -0.34987393021583557 0.08725278824567795 
-0.5497485399246216 -0.34354132413864136 0.0882251039147377 
-0.5520643591880798 -0.3371957242488861 0.08919623494148254 
-0.554642915725708 -0.3310996890068054 0.09012670069932938 
-0.5573309063911438 -0.32552558183670044 0.09097437560558319 
-0.5600125789642334 -0.32059717178344727 0.09171518683433533 
-0.5626102685928345 -0.31634721159935 0.09233956784009933 
-0.5651625394821167 -0.3125944435596466 0.09287813305854797 
-0.5677313804626465 -0.30912989377975464 0.09336613118648529 
-0.5703589916229248 -0.30584925413131714 0.09381740540266037 
-0.5730572938919067 -0.30270227789878845 0.09423762559890747 
-0.5757395625114441 -0.2997512221336365 0.09462130814790726 
-0.5783608555793762 -0.2970246374607086 0.09496735036373138 
-0.5811426043510437 -0.2943038046360016 0.09530356526374817 
-0.5843228697776794 -0.2913603186607361 0.09565805643796921 
-0.5879409909248352 -0.2881757616996765 0.0960313230752945 
-0.5919375419616699 -0.28481999039649963 0.096413254737854 
-0.5960592031478882 -0.28150805830955505 0.09677896648645401 
-0.6000480651855469 -0.2784472107887268 0.09710534662008286 
-0.6038244366645813 -0.27566906809806824 0.09739141166210175 
-0.607370138168335 -0.2731521427631378 0.09764213860034943 
-0.6107379198074341 -0.27083882689476013 0.09786489605903625 
-0.6140411496162415 -0.26863813400268555 0.09806928783655167 
-0.6175673007965088 -0.2663629353046417 0.0982721671462059 
-0.62158203125 -0.2638462781906128 0.09848794341087341 
-0.6260913014411926 -0.261098712682724 0.09871461987495422 
-0.630984902381897 -0.25820085406303406 0.09894420206546783 
-0.6359483003616333 -0.25533702969551086 0.09916171431541443 
-0.6407057642936707 -0.2526637315750122 0.09935476630926132 
-0.6453437805175781 -0.25012367963790894 0.09952838718891144 
-0.6499747037887573 -0.24764110147953033 0.09968950599431992 
-0.654456615447998 -0.24528081715106964 0.09983557462692261 
-0.6586838960647583 -0.24309179186820984 0.09996429085731506 
-0.6629534959793091 -0.24092024564743042 0.10008446127176285 
-0.6675960421562195 -0.2385958880186081 0.10020537674427032 
-0.6726791858673096 -0.23608559370040894 0.10032819211483002 
-0.6781355142593384 -0.2334234118461609 0.1004505380988121 
-0.6836206912994385 -0.23077495396137238 0.10056479275226593 
-0.6888232827186584 -0.22828851640224457 0.10066435486078262 
-0.6938410997390747 -0.22591251134872437 0.100752092897892 
-0.6988380551338196 -0.22356240451335907 0.10083241015672684 
-0.7038388848304749 -0.22122253477573395 0.10090641677379608 
-0.7088356018066406 -0.21889308094978333 0.1009744182229042 
-0.713830828666687 -0.2165697067975998 0.10103686898946762 
-0.7188279628753662 -0.21424730122089386 0.10109422355890274 
-0.7238243818283081 -0.21192395687103271 0.10114678740501404 
-0.7288150787353516 -0.20959848165512085 0.10119494795799255 
-0.7337936758995056 -0.2072707563638687 0.10123901069164276 
-0.7387529611587524 -0.20494060218334198 0.10127925127744675 
-0.7436884045600891 -0.20260684192180634 0.10131605714559555 
-0.7485623955726624 -0.20028457045555115 0.1013496071100235 
-0.7532051801681519 -0.1980547159910202 0.1013793796300888 
-0.757513165473938 -0.19596529006958008 0.10140516608953476 
-0.7617830634117126 -0.19386757910251617 0.10142900049686432 
-0.766342282295227 -0.19159600138664246 0.10145296901464462 
-0.7712470889091492 -0.1891149878501892 0.10147761553525925 
-0.7764215469360352 -0.1864549219608307 0.10150278359651566 
-0.7815353870391846 -0.18378008902072906 0.10152725130319595 
-0.7862919569015503 -0.18123847246170044 0.1015499085187912 
-0.7907859086990356 -0.17877933382987976 0.10157167166471481 
-0.7951748967170715 -0.1763192117214203 0.10159364342689514 
-0.7994839549064636 -0.17384298145771027 0.10161633789539337 
-0.8037052750587463 -0.17135119438171387 0.10164003819227219 
-0.8078407049179077 -0.16883935034275055 0.10166516900062561 
-0.8118919730186462 -0.1663023978471756 0.10169205814599991 
-0.8158562183380127 -0.16373835504055023 0.10172109305858612 
-0.819730818271637 -0.16114401817321777 0.10175246000289917 
-0.8235213160514832 -0.15850846469402313 0.10178587585687637 
-0.8272375464439392 -0.1558176428079605 0.1018214076757431 
-0.8308985829353333 -0.15305304527282715 0.10186148434877396 
-0.8344744443893433 -0.15024138987064362 0.1019085943698883 
-0.8377289175987244 -0.14759570360183716 0.10196322947740555 
-0.840494692325592 -0.14526031911373138 0.10202371329069138 
-0.8430898189544678 -0.14291921257972717 0.10208193957805634 
-0.845879316329956 -0.14021147787570953 0.10213328897953033 
-0.848934531211853 -0.13705767691135406 0.1021939143538475 
-0.8521818518638611 -0.13352274894714355 0.10227855294942856 
-0.855263888835907 -0.12996786832809448 0.10237567126750946 
-0.8578625321388245 -0.12671694159507751 0.10247139632701874 
-0.8601001501083374 -0.12364864349365234 0.102569080889225 
-0.8621923923492432 -0.12054144591093063 0.1026759222149849 
-0.8642897605895996 -0.11721877008676529 0.10279760509729385 
-0.8664928078651428 -0.11356081813573837 0.10293741524219513 
-0.8687686920166016 -0.10963068902492523 0.10309034585952759 
-0.87105393409729 -0.10553129017353058 0.10324990004301071 
-0.8732993006706238 -0.10134280472993851 0.10341213643550873 
-0.8754660487174988 -0.09712756425142288 0.10357414931058884 
-0.8775457739830017 -0.0928998738527298 0.10373497754335403 
-0.87953782081604 -0.08866146951913834 0.10389408469200134 
-0.8814423680305481 -0.08441247791051865 0.10405105352401733 
-0.8832495212554932 -0.08018238842487335 0.10420448333024979 
-0.8849074244499207 -0.07612024992704391 0.10434901714324951 
-0.8863860964775085 -0.07231543958187103 0.1044812873005867 
-0.887783944606781 -0.06849923729896545 0.10461000353097916 
-0.8892067670822144 -0.06437268108129501 0.10474462062120438 
-0.8906661868095398 -0.05987408012151718 0.10488616675138474 
-0.8921322226524353 -0.055061403661966324 0.10503174364566803 
-0.8935104012489319 -0.050234440714120865 0.1051715761423111 
-0.8947173357009888 -0.04566330462694168 0.10529693961143494 
-0.8957836627960205 -0.04125770926475525 0.10541033744812012 
-0.8967577815055847 -0.03686818480491638 0.10551600158214569 
-0.8976496458053589 -0.03246893361210823 0.10561440885066986 
-0.89845871925354 -0.028062764555215836 0.10570507496595383 
-0.8991870880126953 -0.0236433707177639 0.10578775405883789 
-0.8998358845710754 -0.019203508272767067 0.10586214810609818 
-0.9004061818122864 -0.014741375111043453 0.10592783987522125 
-0.9008976817131042 -0.010256988927721977 0.10598438233137131 
-0.9013108015060425 -0.00575220724567771 0.10603132098913193 
-0.9016452431678772 -0.0012288892176002264 0.10606817901134491 
-0.9019016623497009 0.003312908113002777 0.10609456896781921 
-0.9020809531211853 0.007841408252716064 0.10611023753881454 
-0.9021872282028198 0.012196136638522148 0.10611573606729507 
-0.9022235870361328 0.016280779615044594 0.1061113178730011 
-0.9021875858306885 0.020384401082992554 0.10609542578458786 
-0.9020736217498779 0.024828769266605377 0.10606595128774643 
-0.9018713235855103 0.029681168496608734 0.1060205027461052 
-0.901574432849884 0.034879811108112335 0.10595768690109253 
-0.9011988639831543 0.040101148188114166 0.10588032752275467 
-0.9007629156112671 0.04503593593835831 0.1057918518781662 
-0.900276780128479 0.049693986773490906 0.10569369792938232 
-0.8997482061386108 0.05414601415395737 0.10558649152517319 
-0.8991883397102356 0.05838730186223984 0.10546999424695969 
-0.8985955715179443 0.06246436387300491 0.10534542798995972 
-0.8979166150093079 0.06670419126749039 0.10522101819515228 
-0.8970968723297119 0.07142140716314316 0.10510313510894775 
-0.8961291313171387 0.07660087198019028 0.1049838736653328 
-0.895028829574585 0.08209914714097977 0.1048538014292717 
-0.8938594460487366 0.08758925646543503 0.10471188277006149 
-0.8926768898963928 0.09279446303844452 0.1045583114027977 
-0.8914623260498047 0.09782260656356812 0.10438960790634155 
-0.8901945352554321 0.10280811041593552 0.10420391708612442 
-0.8889210820198059 0.10760743916034698 0.10400926321744919 
-0.8876744508743286 0.11211393773555756 0.10381080955266953 
-0.8863626718521118 0.11664684116840363 0.10359269380569458 
-0.8848804831504822 0.12156160920858383 0.1033366471529007 
-0.8831990361213684 0.12693318724632263 0.10303592681884766 
-0.8813390731811523 0.13267524540424347 0.10269276797771454 
-0.8794484734535217 0.1383366733789444 0.102334164083004 
-0.8776483535766602 0.14352934062480927 0.1019834578037262 
-0.8758286833763123 0.14848196506500244 0.1016250029206276 
-0.873835027217865 0.1535155326128006 0.1012372225522995 
-0.8715692162513733 0.1587039828300476 0.10081449151039124 
-0.8689731955528259 0.1640273481607437 0.10035856068134308 
-0.8660975694656372 0.1693381518125534 0.09988519549369812 
-0.863007664680481 0.1744873970746994 0.09940990805625916 
-0.8597238063812256 0.1794479489326477 0.09893319010734558 
-0.8562518358230591 0.18422691524028778 0.09845225512981415 
-0.8525878190994263 0.18884682655334473 0.09796616435050964 
-0.8487324118614197 0.1933247596025467 0.0974750742316246 
-0.8447160124778748 0.19764123857021332 0.0969817191362381 
-0.8405730128288269 0.20177258551120758 0.09648874402046204 
-0.8363277316093445 0.20571525394916534 0.09599620848894119 
-0.8319998979568481 0.20947009325027466 0.09550489485263824 
-0.8276090025901794 0.21303609013557434 0.09502135962247849 
-0.8231477737426758 0.21642985939979553 0.09454932063817978 
-0.8185081481933594 0.21974095702171326 0.09407513588666916 
-0.813607931137085 0.22303929924964905 0.09358647465705872 
-0.8085712790489197 0.2262434959411621 0.09309360384941101 
-0.8035351634025574 0.22926244139671326 0.09260916709899902 
-0.7984806895256042 0.23211781680583954 0.09213301539421082 
-0.793365478515625 0.23484860360622406 0.09166210889816284 
-0.7882102727890015 0.23745135962963104 0.09119508415460587 
-0.7830482125282288 0.23991511762142181 0.09073197096586227 
-0.7778990268707275 0.24224257469177246 0.09027706831693649 
-0.7727740406990051 0.24444036185741425 0.08983432501554489 
-0.7676673531532288 0.24651896953582764 0.08940234780311584 
-0.7625725269317627 0.24848796427249908 0.08897897601127625 
-0.7574991583824158 0.25035035610198975 0.08856453746557236 
-0.7524599432945251 0.25210753083229065 0.08815986663103104 
-0.747465968132019 0.25376203656196594 0.08776567131280899 
-0.742559552192688 0.25530803203582764 0.0873849168419838 
-0.7379133701324463 0.2567063868045807 0.08702997118234634 
-0.7336329221725464 0.25793522596359253 0.08670835942029953 
-0.7294334769248962 0.2590768039226532 0.08639900386333466 
-0.7249857187271118 0.26022204756736755 0.08607783913612366 
-0.7201786041259766 0.2613929808139801 0.08573754876852036 
-0.7150448560714722 0.26257652044296265 0.08538147807121277 
-0.7099785208702087 0.26368799805641174 0.08503910154104233 
-0.7053507566452026 0.26464876532554626 0.0847373679280281 
-0.7010820508003235 0.2654760777950287 0.08446746319532394 
-0.697009265422821 0.26620739698410034 0.08421541750431061 
-0.6930877566337585 0.2668663263320923 0.08398250490427017 
-0.6892482042312622 0.26747334003448486 0.08377035707235336 
-0.685205340385437 0.2680526375770569 0.08356670290231705 
-0.6807551383972168 0.2686135768890381 0.08336535841226578 
-0.6762349009513855 0.2691035866737366 0.08319826424121857 
-0.6720559597015381 0.2694668769836426 0.08309651911258698 
-0.66838538646698 0.26969701051712036 0.08305031806230545 
-0.6652197241783142 0.269809752702713 0.08304016292095184 
-0.6621193289756775 0.2698610723018646 0.08304926007986069 
-0.6586008071899414 0.2699063718318939 0.08306418359279633 
-0.6544429063796997 0.2699601352214813 0.0830821841955185 
-0.6496157646179199 0.2700243592262268 0.08310268819332123 
-0.6445953845977783 0.27009329199790955 0.08312348276376724 
-0.6398506760597229 0.2701607644557953 0.08314245194196701 
-0.6353200674057007 0.2702275812625885 0.08315987139940262 
-0.6308416724205017 0.2702955901622772 0.08317643404006958 
-0.6263854503631592 0.27036502957344055 0.08319225907325745 
-0.6219516396522522 0.27043575048446655 0.08320731669664383 
-0.6175317764282227 0.27050772309303284 0.08322164416313171 
-0.6131160259246826 0.2705809772014618 0.08323526382446289 
-0.6087004542350769 0.2706555426120758 0.08324816823005676 
-0.6042827367782593 0.27073124051094055 0.08326033502817154 
-0.5998623371124268 0.2708079516887665 0.08327179402112961 
-0.5954386591911316 0.2708854675292969 0.08328249305486679 
-0.5910094976425171 0.2709638476371765 0.08329245448112488 
-0.5866032838821411 0.27104225754737854 0.0833016112446785 
-0.5823732018470764 0.2711178958415985 0.08330974727869034 
-0.5784099102020264 0.2711889147758484 0.08331675082445145 
-0.5744313597679138 0.2712603509426117 0.08332305401563644 
-0.5701231360435486 0.2713375985622406 0.08332908153533936 
-0.5654177069664001 0.27142173051834106 0.08333485573530197 
-0.5603721737861633 0.27151161432266235 0.08334019780158997 
-0.5552979111671448 0.27160143852233887 0.08334475010633469 
-0.5504753589630127 0.2716861069202423 0.08334816247224808 
-0.5458078384399414 0.2717672288417816 0.08335061371326447 
-0.5411498546600342 0.2718465328216553 0.08335226029157639 
-0.5365380644798279 0.27192017436027527 0.08335324376821518 
-0.5320245623588562 0.27198293805122375 0.08335365355014801 
-0.5275419354438782 0.27203142642974854 0.08335377275943756 
-0.5230069756507874 0.27206432819366455 0.08335381001234055 
-0.5183953046798706 0.2720889449119568 0.08335383981466293 
-0.5136851668357849 0.27211257815361023 0.08335383981466293 
-0.5088111162185669 0.2721365988254547 0.08335383981466293 
-0.5037233829498291 0.27216044068336487 0.08335383981466293 
-0.49848195910453796 0.27218371629714966 0.08335383981466293 
-0.49317899346351624 0.27220574021339417 0.08335383981466293 
-0.4879285991191864 0.2722260653972626 0.08335384726524353 
-0.482793390750885 0.27224376797676086 0.08335384726524353 
-0.4776110351085663 0.27225643396377563 0.0833539068698883 
-0.47221288084983826 0.2722639739513397 0.08335399627685547 
-0.46663209795951843 0.2722782492637634 0.08335401117801666 
-0.4609486758708954 0.27230745553970337 0.08335379511117935 
-0.45523107051849365 0.27233389019966125 0.08335360884666443 
-0.4494926333427429 0.2723402976989746 0.08335363864898682 
-0.44353997707366943 0.2723367214202881 0.08335377275943756 
-0.4372693598270416 0.27233609557151794 0.08335383981466293 
-0.43114420771598816 0.27233484387397766 0.08335389196872711 
-0.4256606996059418 0.2723289728164673 0.08335398137569427 
-0.42088058590888977 0.27232906222343445 0.08335398137569427 
-0.4167153835296631 0.2723432183265686 0.08335377275943756 
-0.4129098355770111 0.272355318069458 0.08335360139608383 
-0.4091953933238983 0.2723493278026581 0.08335362374782562 
-0.40541765093803406 0.2723352313041687 0.08335377275943756 
-0.40149620175361633 0.2723258435726166 0.08335383981466293 
-0.39753347635269165 0.2723204493522644 0.08335385471582413 
-0.39366415143013 0.27231544256210327 0.08335384726524353 
-0.3899696171283722 0.2723103165626526 0.08335385471582413 
-0.38643550872802734 0.27230507135391235 0.08335384726524353 
-0.3827187120914459 0.2722991704940796 0.08335385471582413 
-0.37847551703453064 0.27229198813438416 0.08335384726524353 
-0.3736906051635742 0.27228352427482605 0.08335385471582413 
-0.3684846758842468 0.27227380871772766 0.08335383981466293 
-0.36319586634635925 0.2722635269165039 0.08335385471582413 
-0.3581194281578064 0.272253155708313 0.08335384726524353 
-0.353163480758667 0.2722426950931549 0.08335384726524353 
-0.348172128200531 0.27223169803619385 0.08335384726524353 
-0.3431222140789032 0.2722202241420746 0.08335384726524353 
-0.3380205035209656 0.2722082734107971 0.08335383981466293 
-0.3328637182712555 0.27219587564468384 0.08335383981466293 
-0.32764720916748047 0.2721829116344452 0.08335382491350174 
-0.3223726451396942 0.27216947078704834 0.08335383981466293 
-0.3170437514781952 0.2721555233001709 0.08335382491350174 
